 # step, time, energy, kin_ener, pot_ener
           0   0.0000000000000000       -4.1207717090152890E-005   0.0000000000000000       -4.1207717090152890E-005
           1   9.9999996527084551       -4.1207717002905894E-005   2.0269097022993990E-009  -4.1209743912608195E-005
           2   19.999999305416910       -4.1207716741004553E-005   8.1090350909783477E-009  -4.1215825776095531E-005
           3   29.999998958125367       -4.1207716303967550E-005   1.8250567467658623E-008  -4.1225966871435209E-005
           4   39.999998610833821       -4.1207715690991213E-005   3.2458500528825995E-008  -4.1240174191520039E-005
           5   49.999998263542281       -4.1207714900947699E-005   5.0742642678152403E-008  -4.1258457543625854E-005
           6   59.999997916250734       -4.1207713932382139E-005   7.3115634307051416E-008  -4.1280829566689191E-005
           7   69.999997568959188       -4.1207712783509008E-005   9.9592970086788168E-008  -4.1307305753595798E-005
           8   79.999997221667641       -4.1207711452207728E-005   1.3019302632786466E-007  -4.1337904478535594E-005
           9   89.999996874376095       -4.1207709936017566E-005   1.6493709347480602E-007  -4.1372647029492372E-005
          10   99.999996527084562       -4.1207708232131667E-005   2.0384941381688017E-007  -4.1411557645948549E-005
          11   109.99999617979302       -4.1207706337390114E-005   2.4695722450768034E-007  -4.1454663561897791E-005
          12   119.99999583250147       -4.1207704248272661E-005   2.9429080599885792E-007  -4.1501995054271518E-005
          13   129.99999548520992       -4.1207701960890219E-005   3.4588353600559983E-007  -4.1553585496895819E-005
          14   139.99999513791838       -4.1207699470975939E-005   4.0177194913364206E-007  -4.1609471420109581E-005
          15   149.99999479062683       -4.1207696773875421E-005   4.6199580230966317E-007  -4.1669692576185086E-005
          16   159.99999444333528       -4.1207693864536195E-005   5.2659814616873184E-007  -4.1734292010704927E-005
          17   169.99999409604374       -4.1207690737496660E-005   5.9562540256400694E-007  -4.1803316140060669E-005
          18   179.99999374875219       -4.1207687386874309E-005   6.6912744837500024E-007  -4.1876814835249306E-005
          19   189.99999340146064       -4.1207683806353413E-005   7.4715770580128757E-007  -4.1954841512154703E-005
          20   199.99999305416912       -4.1207679989172311E-005   8.2977323933840723E-007  -4.2037453228510716E-005
          21   209.99999270687758       -4.1207675928110196E-005   9.1703485964163868E-007  -4.2124710787751836E-005
          22   219.99999235958603       -4.1207671615473807E-005   1.0090072344911611E-006  -4.2216678849964967E-005
          23   229.99999201229448       -4.1207667043083679E-005   1.1057590070784462E-006  -4.2313426050162123E-005
          24   239.99999166500294       -4.1207662202260881E-005   1.2073629218383000E-006  -4.2415025124099178E-005
          25   249.99999131771139       -4.1207657083813542E-005   1.3138959580533254E-006  -4.2521553041866868E-005
          26   259.99999097041984       -4.1207651678024478E-005   1.4254394714571679E-006  -4.2633091149481643E-005
          27   269.99999062312827       -4.1207645974638906E-005   1.5420793440592146E-006  -4.2749725318698122E-005
          28   279.99999027583675       -4.1207639962854161E-005   1.6639061424056258E-006  -4.2871546105259785E-005
          29   289.99998992854518       -4.1207633631310432E-005   1.7910152844788841E-006  -4.2998648915789319E-005
          30   299.99998958125366       -4.1207626968084234E-005   1.9235072154194189E-006  -4.3131134183503655E-005
          31   309.99998923396208       -4.1207619960684223E-005   2.0614875922270493E-006  -4.3269107552911274E-005
          32   319.99998888667056       -4.1207612596051198E-005   2.2050674775655948E-006  -4.3412680073616789E-005
          33   329.99998853937899       -4.1207604860562170E-005   2.3543635427492552E-006  -4.3561968403311424E-005
          34   339.99998819208747       -4.1207596740040554E-005   2.5094982799322623E-006  -4.3717095019972815E-005
          35   349.99998784479590       -4.1207588219772946E-005   2.6706002234514588E-006  -4.3878188443224406E-005
          36   359.99998749750438       -4.1207579284534946E-005   2.8378041801818886E-006  -4.4045383464716838E-005
          37   369.99998715021280       -4.1207569918627028E-005   3.0112514686549839E-006  -4.4218821387282012E-005
          38   379.99998680292128       -4.1207560105923278E-005   3.1910901665532954E-006  -4.4398650272476576E-005
          39   389.99998645562971       -4.1207549829935454E-005   3.3774753660302684E-006  -4.4585025195965723E-005
          40   399.99998610833825       -4.1207539073895461E-005   3.5705694361026971E-006  -4.4778108509998157E-005
          41   409.99998576104667       -4.1207527820859956E-005   3.7705422911203527E-006  -4.4978070111980310E-005
          42   419.99998541375516       -4.1207516053841675E-005   3.9775716640241569E-006  -4.5185087717865830E-005
          43   429.99998506646358       -4.1207503755972511E-005   4.1918433827515193E-006  -4.5399347138724027E-005
          44   439.99998471917206       -4.1207490910704713E-005   4.4135516477241378E-006  -4.5621042558428850E-005
          45   449.99998437188049       -4.1207477502057399E-005   4.6428993078462539E-006  -4.5850376809903649E-005
          46   459.99998402458897       -4.1207463514917502E-005   4.8800981318345402E-006  -4.6087561646752043E-005
          47   469.99998367729739       -4.1207448935405195E-005   5.1253690709757785E-006  -4.6332818006380971E-005
          48   479.99998333000588       -4.1207433751316230E-005   5.3789425085431733E-006  -4.6586376259859401E-005
          49   489.99998298271430       -4.1207417952655917E-005   5.6410584900705147E-006  -4.6848476442726434E-005
          50   499.99998263542278       -4.1207401532282128E-005   5.9119669274541480E-006  -4.7119368459736274E-005
          51   509.99998228813121       -4.1207384486677570E-005   6.1919277683893733E-006  -4.7399312255066941E-005
          52   519.99998194083969       -4.1207366816876570E-005   6.4812111209063341E-006  -4.7688577937782905E-005
          53   529.99998159354811       -4.1207348529574437E-005   6.7800973206994892E-006  -4.7987445850273923E-005
          54   539.99998124625654       -4.1207329638454791E-005   7.0888769264824424E-006  -4.8296206564937233E-005
          55   549.99998089896508       -4.1207310165775131E-005   7.4078506256740915E-006  -4.8615160791449221E-005
          56   559.99998055167350       -4.1207290144259076E-005   7.7373290292465609E-006  -4.8944619173505637E-005
          57   569.99998020438193       -4.1207269619353482E-005   8.0776323304386366E-006  -4.9284901949792121E-005
          58   579.99997985709035       -4.1207248651917755E-005   8.4290897971405859E-006  -4.9636338449058341E-005
          59   589.99997950979889       -4.1207227321426420E-005   8.7920390619460384E-006  -4.9999266383372460E-005
          60   599.99997916250732       -4.1207205729780468E-005   9.1668251669779598E-006  -5.0374030896758428E-005
          61   609.99997881521574       -4.1207184005839672E-005   9.5537993124338036E-006  -5.0760983318273474E-005
          62   619.99997846792417       -4.1207162310809704E-005   9.9533172481326656E-006  -5.1160479558942366E-005
          63   629.99997812063270       -4.1207140844639466E-005   1.0365737235919534E-005  -5.1572878080559002E-005
          64   639.99997777334113       -4.1207119853613261E-005   1.0791417497283217E-005  -5.1998537350896478E-005
          65   649.99997742604955       -4.1207099639351972E-005   1.1230713044623488E-005  -5.2437812683975460E-005
          66   659.99997707875798       -4.1207080569474121E-005   1.1683971775859756E-005  -5.2891052345333877E-005
          67   669.99997673146652       -4.1207063090206494E-005   1.2151529690058809E-005  -5.3358592780265303E-005
          68   679.99997638417494       -4.1207047741279314E-005   1.2633705055975116E-005  -5.3840752797254430E-005
          69   689.99997603688337       -4.1207035173485937E-005   1.3130791335305692E-005  -5.4337826508791629E-005
          70   699.99997568959179       -4.1207026169339238E-005   1.3643048627497760E-005  -5.4850074796836996E-005
          71   709.99997534230033       -4.1207021667302352E-005   1.4170693362546733E-005  -5.5377715029849086E-005
          72   719.99997499500876       -4.1207022790116725E-005   1.4713885921865679E-005  -5.5920908711982404E-005
          73   729.99997464771718       -4.1207030877780896E-005   1.5272715814591505E-005  -5.6479746692372402E-005
          74   739.99997430042561       -4.1207047525741914E-005   1.5847183977439100E-005  -5.7054231503181011E-005
          75   749.99997395313414       -4.1207074628832499E-005   1.6437181700631143E-005  -5.7644256329463642E-005
          76   759.99997360584257       -4.1207114431396135E-005   1.7042465611353432E-005  -5.8249580042749567E-005
          77   769.99997325855099       -4.1207169583856927E-005   1.7662628071420428E-005  -5.8869797655277355E-005
          78   779.99997291125942       -4.1207243205666205E-005   1.8297062270653882E-005  -5.9504305476320087E-005
          79   789.99997256396796       -4.1207338954025004E-005   1.8944921227305387E-005  -6.0152260181330388E-005
          80   799.99997221667650       -4.1207461096952646E-005   1.9605069850226826E-005  -6.0812530947179472E-005
          81   809.99997186938481       -4.1207614588026061E-005   2.0276029187362905E-005  -6.1483643775388962E-005
          82   819.99997152209335       -4.1207805138287476E-005   2.0955912000619520E-005  -6.2163717138906995E-005
          83   829.99997117480177       -4.1208039278205921E-005   2.1642348895811131E-005  -6.2850388174017055E-005
          84   839.99997082751031       -4.1208324398917453E-005   2.2332404437143429E-005  -6.3540728836060885E-005
          85   849.99997048021862       -4.1208668756955306E-005   2.3022483042434144E-005  -6.4231151799389453E-005
          86   859.99997013292716       -4.1209081419966829E-005   2.3708225061044448E-005  -6.4917306481011280E-005
          87   869.99996978563559       -4.1209572122181531E-005   2.4384394377898284E-005  -6.5593966500079818E-005
          88   879.99996943834412       -4.1210150987415462E-005   2.5044760288174597E-005  -6.6254911275590055E-005
          89   889.99996909105244       -4.1210828064239512E-005   2.5681978401986711E-005  -6.6892806466226220E-005
          90   899.99996874376097       -4.1211612603239446E-005   2.6287478147250574E-005  -6.7499090750490021E-005
          91   909.99996839646940       -4.1212511991744707E-005   2.6851368237819049E-005  -6.8063880229563760E-005
          92   919.99996804917794       -4.1213530250431094E-005   2.7362376446086387E-005  -6.8575906696517481E-005
          93   929.99996770188625       -4.1214665994945352E-005   2.7807846281468585E-005  -6.9022512276413933E-005
          94   939.99996735459479       -4.1215909784109706E-005   2.8173820685471220E-005  -6.9389730469580923E-005
          95   949.99996700730321       -4.1217240829180649E-005   2.8445251259609032E-005  -6.9662492088789677E-005
          96   959.99996666001175       -4.1218623146077752E-005   2.8606379969893870E-005  -6.9825003115971622E-005
          97   969.99996631272006       -4.1220001417981172E-005   2.8641347039928711E-005  -6.9861348457909880E-005
          98   979.99996596542860       -4.1221297120470836E-005   2.8535081046767767E-005  -6.9756378167238600E-005
          99   989.99996561813703       -4.1222405851815309E-005   2.8274520873711476E-005  -6.9496926725526789E-005
         100   999.99996527084556       -4.1223197276606449E-005   2.7850198552589503E-005  -6.9073395829195953E-005
         101   1009.9999649235539       -4.1223519533134993E-005   2.7258170695268110E-005  -6.8481690228403103E-005
         102   1019.9999645762624       -4.1223210174538074E-005   2.6502218424914411E-005  -6.7725428599452485E-005
         103   1029.9999642289708       -4.1222115398595620E-005   2.5596139401476494E-005  -6.6818254800072110E-005
         104   1039.9999638816794       -4.1220118092560160E-005   2.4565836755386039E-005  -6.5785954847946202E-005
         105   1049.9999635343877       -4.1217172786069451E-005   2.3450787821587671E-005  -6.4667960607657122E-005
         106   1059.9999631870962       -4.1213342043461202E-005   2.2304386567367907E-005  -6.3517728610829109E-005
         107   1069.9999628398045       -4.1208824919689641E-005   2.1192648218923758E-005  -6.2401473138613399E-005
         108   1079.9999624925131       -4.1203965515999588E-005   2.0190895989482086E-005  -6.1394861505481674E-005
         109   1089.9999621452216       -4.1199230618851581E-005   1.9378349828033098E-005  -6.0577580446884682E-005
         110   1099.9999617979302       -4.1195151588878068E-005   1.8830986187864391E-005  -6.0026137776742459E-005
         111   1109.9999614506385       -4.1192236728743461E-005   1.8613543909984631E-005  -5.9805780638728092E-005
         112   1119.9999611033470       -4.1190872853756697E-005   1.8771958048708593E-005  -5.9962830902465294E-005
         113   1129.9999607560553       -4.1191242931063848E-005   1.9327639594562154E-005  -6.0518882525626002E-005
         114   1139.9999604087639       -4.1193285226212803E-005   2.0274777131225852E-005  -6.1468062357438659E-005
         115   1149.9999600614722       -4.1196707342189992E-005   2.1581241224885467E-005  -6.2777948567075458E-005
         116   1159.9999597141807       -4.1201050489678154E-005   2.3192892375059149E-005  -6.4393942864737300E-005
         117   1169.9999593668892       -4.1205783397240554E-005   2.5040377655199035E-005  -6.6246161052439589E-005
         118   1179.9999590195978       -4.1210398319997205E-005   2.7047070371683826E-005  -6.8257468691681027E-005
         119   1189.9999586723061       -4.1214485444319863E-005   2.9136760878580722E-005  -7.0351246322900585E-005
         120   1199.9999583250146       -4.1217773083979349E-005   3.1239997567583006E-005  -7.2457770651562355E-005
         121   1209.9999579777229       -4.1220133455837359E-005   3.3298455249012694E-005  -7.4518588704850053E-005
         122   1219.9999576304315       -4.1221562661854538E-005   3.5267201307688976E-005  -7.6488763969543514E-005
         123   1229.9999572831398       -4.1222146938237388E-005   3.7115110610753012E-005  -7.8337257548990400E-005
         124   1239.9999569358483       -4.1222026128935305E-005   3.8823893818977908E-005  -8.0045919947913213E-005
         125   1249.9999565885569       -4.1221361835425463E-005   4.0386260401819264E-005  -8.1607622237244728E-005
         126   1259.9999562412654       -4.1220313811442152E-005   4.1803683395609558E-005  -8.3023997207051710E-005
         127   1269.9999558939737       -4.1219025132463696E-005   4.3084121917625731E-005  -8.4303147050089427E-005
         128   1279.9999555466823       -4.1217614864230218E-005   4.4239933750685721E-005  -8.5457548614915939E-005
         129   1289.9999551993908       -4.1216176232291496E-005   4.5286101371540671E-005  -8.6502277603832167E-005
         130   1299.9999548520991       -4.1214778293353101E-005   4.6238812640232186E-005  -8.7453590933585286E-005
         131   1309.9999545048076       -4.1213469472592881E-005   4.7114383330839290E-005  -8.8327852803432171E-005
         132   1319.9999541575160       -4.1212281802827585E-005   4.7928478377539437E-005  -8.9140760180367022E-005
         133   1329.9999538102245       -4.1211235136335772E-005   4.8695575761157576E-005  -8.9906810897493348E-005
         134   1339.9999534629330       -4.1210340938112486E-005   4.9428615231564650E-005  -9.0638956169677136E-005
         135   1349.9999531156416       -4.1209605501526080E-005   5.0138778639595346E-005  -9.1348384141121426E-005
         136   1359.9999527683499       -4.1209032569367577E-005   5.0835356077978149E-005  -9.2044388647345726E-005
         137   1369.9999524210584       -4.1208625418054824E-005   5.1525660127583861E-005  -9.2734285545638685E-005
         138   1379.9999520737667       -4.1208388491642369E-005   5.2214958080256676E-005  -9.3423346571899044E-005
         139   1389.9999517264753       -4.1208328671590109E-005   5.2906398556889299E-005  -9.4114727228479408E-005
         140   1399.9999513791836       -4.1208456248552741E-005   5.3600914406936761E-005  -9.4809370655489503E-005
         141   1409.9999510318921       -4.1208785629309338E-005   5.4297088407885185E-005  -9.5505874037194523E-005
         142   1419.9999506846007       -4.1209335766811827E-005   5.4990972536586061E-005  -9.6200308303397887E-005
         143   1429.9999503373092       -4.1210130242565797E-005   5.5675856099479425E-005  -9.6885986342045222E-005
         144   1439.9999499900175       -4.1211196854460700E-005   5.6341983626896041E-005  -9.7553180481356740E-005
         145   1449.9999496427261       -4.1212566465265595E-005   5.6976231244129230E-005  -9.8188797709394826E-005
         146   1459.9999492954344       -4.1214270744353032E-005   5.7561761610854664E-005  -9.8776032355207697E-005
         147   1469.9999489481429       -4.1216338290538390E-005   5.8077694170120067E-005  -9.9294032460658458E-005
         148   1479.9999486008512       -4.1218788473205317E-005   5.8498851312747504E-005  -9.9717639785952821E-005
         149   1489.9999482535598       -4.1221622213940402E-005   5.8795674051998654E-005  -1.0001729626593906E-004
         150   1499.9999479062683       -4.1224808938320697E-005   5.8934444120378096E-005  -1.0015925305869879E-004
         151   1509.9999475589768       -4.1228269212621697E-005   5.8878002214531592E-005  -1.0010627142715329E-004
         152   1519.9999472116851       -4.1231853387634802E-005   5.8587209255867794E-005  -9.9819062643502596E-005
         153   1529.9999468643937       -4.1235318228627410E-005   5.8023445993722818E-005  -9.9258764222350229E-005
         154   1539.9999465171020       -4.1238306343166004E-005   5.7152460745186684E-005  -9.8390767088352688E-005
         155   1549.9999461698105       -4.1240337314642294E-005   5.5949813945607917E-005  -9.7190151260250212E-005
         156   1559.9999458225188       -4.1240824185120208E-005   5.4407973758552886E-005  -9.5648797943673094E-005
         157   1569.9999454752274       -4.1239132287799451E-005   5.2544726556131858E-005  -9.3783858843931309E-005
         158   1579.9999451279359       -4.1234695441107586E-005   5.0411943104993578E-005  -9.1646638546101164E-005
         159   1589.9999447806442       -4.1227191762154140E-005   4.8102932345295343E-005  -8.9330124107449483E-005
         160   1599.9999444333530       -4.1216753878413037E-005   4.5755821247370515E-005  -8.6972575125783552E-005
         161   1609.9999440860613       -4.1204149624613298E-005   4.3550020056572141E-005  -8.4754169681185439E-005
         162   1619.9999437387696       -4.1190836838624021E-005   4.1693393877604844E-005  -8.2884230716228865E-005
         163   1629.9999433914779       -4.1178799949823604E-005   4.0399662478932691E-005  -8.1578462428756295E-005
         164   1639.9999430441867       -4.1170142419091508E-005   3.9858655774818654E-005  -8.1028798193910162E-005
         165   1649.9999426968950       -4.1166528234354382E-005   4.0205391911306975E-005  -8.1371920145661356E-005
         166   1659.9999423496035       -4.1168675879722506E-005   4.1495897593136802E-005  -8.2664573472859308E-005
         167   1669.9999420023119       -4.1176125569999752E-005   4.3696829195864528E-005  -8.4872954765864280E-005
         168   1679.9999416550206       -4.1187389399306722E-005   4.6692115678604187E-005  -8.7879505077910909E-005
         169   1689.9999413077289       -4.1200413162341706E-005   5.0304545213631517E-005  -9.1504958375973223E-005
         170   1699.9999409604372       -4.1213143412757208E-005   5.4325867772296903E-005  -9.5539011185054112E-005
         171   1709.9999406131456       -4.1223981806094786E-005   5.8547409959526775E-005  -9.9771391765621562E-005
         172   1719.9999402658543       -4.1232004924013618E-005   6.2784614043506851E-005  -1.0401661896752047E-004
         173   1729.9999399185626       -4.1236951940626840E-005   6.6892092457469533E-005  -1.0812904439809637E-004
         174   1739.9999395712712       -4.1239063370594365E-005   7.0769061820955269E-005  -1.1200812519154963E-004
         175   1749.9999392239795       -4.1238870720050789E-005   7.4357229993310305E-005  -1.1559610071336109E-004
         176   1759.9999388766882       -4.1237009723535099E-005   7.7634048711098288E-005  -1.1887105843463339E-004
         177   1769.9999385293966       -4.1234090482240426E-005   8.0604029018981177E-005  -1.2183811950122160E-004
         178   1779.9999381821049       -4.1230627110967061E-005   8.3290074230593376E-005  -1.2452070134156044E-004
         179   1789.9999378348132       -4.1227013634679069E-005   8.5725954716595802E-005  -1.2695296835127487E-004
         180   1799.9999374875219       -4.1223528955903595E-005   8.7950374923700982E-005  -1.2917390387960458E-004
         181   1809.9999371402303       -4.1220356283670428E-005   9.0002640795487402E-005  -1.3122299707915783E-004
         182   1819.9999367929388       -4.1217607074539478E-005   9.1919701489706884E-005  -1.3313730856424636E-004
         183   1829.9999364456471       -4.1215343859013763E-005   9.3734252598567979E-005  -1.3494959645758174E-004
         184   1839.9999360983559       -4.1213599435704212E-005   9.5473588741581744E-005  -1.3668718817728596E-004
         185   1849.9999357510642       -4.1212391784307509E-005   9.7158936176226093E-005  -1.3837132796053360E-004
         186   1859.9999354037725       -4.1211734970335754E-005   9.8805052700999381E-005  -1.4001678767133513E-004
         187   1869.9999350564808       -4.1211646617588164E-005   1.0041993795079859E-004  -1.4163158456838675E-004
         188   1879.9999347091896       -4.1212152459976214E-005   1.0200454675368360E-004  -1.4321669921365981E-004
         189   1889.9999343618979       -4.1213288208835500E-005   1.0355244171013413E-004  -1.4476572991896963E-004
         190   1899.9999340146064       -4.1215098565777547E-005   1.0504936205421348E-004  -1.4626446061999102E-004
         191   1909.9999336673147       -4.1217632710121988E-005   1.0647272966625276E-004  -1.4769036237637475E-004
         192   1919.9999333200235       -4.1220935021067721E-005   1.0779116669396667E-004  -1.4901210171503439E-004
         193   1929.9999329727318       -4.1225029222997787E-005   1.0896417024960732E-004  -1.5018919947260511E-004
         194   1939.9999326254401       -4.1229893738010758E-005   1.0994218532011919E-004  -1.5117207905812995E-004
         195   1949.9999322781489       -4.1235426165737581E-005   1.1066744138368256E-004  -1.5190286754942014E-004
         196   1959.9999319308572       -4.1241396180321941E-005   1.1107606632728941E-004  -1.5231746250761135E-004
         197   1969.9999315835655       -4.1247389830501125E-005   1.1110213894538548E-004  -1.5234952877588660E-004
         198   1979.9999312362741       -4.1252755605392007E-005   1.1068442983704877E-004  -1.5193718544244077E-004
         199   1989.9999308889826       -4.1256574597194829E-005   1.0977649911986415E-004  -1.5103307371705898E-004
         200   1999.9999305416911       -4.1257692361293082E-005   1.0836039715164873E-004  -1.4961808951294181E-004
         201   2009.9999301943994       -4.1254862149751366E-005   1.0646324795266087E-004  -1.4771811010241224E-004
         202   2019.9999298471078       -4.1247043445259644E-005   1.0417435187155999E-004  -1.4542139531681963E-004
         203   2029.9999294998165       -4.1233855047749797E-005   1.0165827397922078E-004  -1.4289212902697057E-004
         204   2039.9999291525248       -4.1216084640980158E-005   9.9157394225742978E-005  -1.4037347886672314E-004
         205   2049.9999288052331       -4.1196029564138155E-005   9.6976973901557193E-005  -1.3817300346569535E-004
         206   2059.9999284579417       -4.1177371564369295E-005   9.5448605669303785E-005  -1.3662597723367308E-004
         207   2069.9999281106502       -4.1164393282532857E-005   9.4874700749949319E-005  -1.3603909403248218E-004
         208   2079.9999277633588       -4.1160671655713434E-005   9.5465716022443331E-005  -1.3662638767815676E-004
         209   2089.9999274160668       -4.1167775167986773E-005   9.7288625921438101E-005  -1.3845640108942487E-004
         210   2099.9999270687754       -4.1184628946246528E-005   1.0024465067944607E-004  -1.4142927962569260E-004
         211   2109.9999267214839       -4.1207898777568660E-005   1.0408492512028673E-004  -1.4529282389785539E-004
         212   2119.9999263741925       -4.1233167818136059E-005   1.0845886589422401E-004  -1.4969203371236007E-004
         213   2129.9999260269010       -4.1256276923761021E-005   1.1297902036619228E-004  -1.5423529728995331E-004
         214   2139.9999256796091       -4.1274242167838298E-005   1.1728352280773659E-004  -1.5855776497557489E-004
         215   2149.9999253323181       -4.1285529487328842E-005   1.2108263468235216E-004  -1.6236816416968100E-004
         216   2159.9999249850262       -4.1289833526676490E-005   1.2418455258737614E-004  -1.6547438611405263E-004
         217   2169.9999246377347       -4.1287664699014213E-005   1.2650276576307458E-004  -1.6779043046208879E-004
         218   2179.9999242904432       -4.1279999028923250E-005   1.2805035669396440E-004  -1.6933035572288765E-004
         219   2189.9999239431518       -4.1268103457565308E-005   1.2892618576997885E-004  -1.7019428922754415E-004
         220   2199.9999235958603       -4.1253514779184523E-005   1.2929572715532166E-004  -1.7054924193450618E-004
         221   2209.9999232485684       -4.1238068342360824E-005   1.2936730819316860E-004  -1.7060537653552942E-004
         222   2219.9999229012769       -4.1223853538028296E-005   1.2936384333193625E-004  -1.7058769686996455E-004
         223   2229.9999225539855       -4.1213015613863812E-005   1.2949113868467811E-004  -1.7070415429854192E-004
         224   2239.9999222066940       -4.1207413669702578E-005   1.2990588524746901E-004  -1.7111329891717159E-004
         225   2249.9999218594021       -4.1208244108680903E-005   1.3068831994796136E-004  -1.7189656405664226E-004
         226   2259.9999215121106       -4.1215789164986984E-005   1.3182488869521917E-004  -1.7304067786020615E-004
         227   2269.9999211648192       -4.1229409523833784E-005   1.3320445459868586E-004  -1.7443386412251965E-004
         228   2279.9999208175277       -4.1247782652655826E-005   1.3462822497858163E-004  -1.7587600763123746E-004
         229   2289.9999204702362       -4.1269263474929185E-005   1.3583019007429450E-004  -1.7709945354922368E-004
         230   2299.9999201229443       -4.1292185268434692E-005   1.3650314144299762E-004  -1.7779532671143231E-004
         231   2309.9999197756533       -4.1314951264906884E-005   1.3632607346844607E-004  -1.7764102473335295E-004
         232   2319.9999194283614       -4.1335862418966546E-005   1.3499154975398419E-004  -1.7632741217295074E-004
         233   2329.9999190810699       -4.1352741976181484E-005   1.3223512663037402E-004  -1.7358786860655550E-004
         234   2339.9999187337785       -4.1362537062857079E-005   1.2787149656336375E-004  -1.6923403362622083E-004
         235   2349.9999183864870       -4.1361208702654076E-005   1.2184186506556890E-004  -1.6320307376822298E-004
         236   2359.9999180391956       -4.1344337697800810E-005   1.1427236713821846E-004  -1.5561670483601927E-004
         237   2369.9999176919036       -4.1308831194309105E-005   1.0553277549068487E-004  -1.4684160668499398E-004
         238   2379.9999173446122       -4.1255640405539725E-005   9.6269765922381856E-005  -1.3752540632792158E-004
         239   2389.9999169973207       -4.1192338670696448E-005   8.7377106696139256E-005  -1.2856944536683570E-004
         240   2399.9999166500293       -4.1133297718382120E-005   7.9870786628013032E-005  -1.2100408434639515E-004
         241   2409.9999163027373       -4.1095527564054981E-005   7.4672979941628744E-005  -1.1576850750568373E-004
         242   2419.9999159554459       -4.1091114039951409E-005   7.2366890692485334E-005  -1.1345800473243674E-004
         243   2429.9999156081544       -4.1120832693092538E-005   7.3026147214876996E-005  -1.1414697990796953E-004
         244   2439.9999152608630       -4.1173751240616624E-005   7.6203454223391432E-005  -1.1737720546400806E-004
         245   2449.9999149135715       -4.1233111815893448E-005   8.1083790828735406E-005  -1.2231690264462885E-004
         246   2459.9999145662796       -4.1283971664149210E-005   8.6724398238789430E-005  -1.2800836990293864E-004
         247   2469.9999142189886       -4.1317815783012564E-005   9.2277363765545339E-005  -1.3359517954855790E-004
         248   2479.9999138716967       -4.1332840178708103E-005   9.7126981669805847E-005  -1.3845982184851395E-004
         249   2489.9999135244052       -4.1331656750134664E-005   1.0093157275594479E-004  -1.4226322950607945E-004
         250   2499.9999131771137       -4.1318695710061568E-005   1.0359740498436164E-004  -1.4491610069442321E-004
         251   2509.9999128298223       -4.1298512711668189E-005   1.0522029802586057E-004  -1.4651881073752876E-004
         252   2519.9999124825308       -4.1275094942614101E-005   1.0602032111338093E-004  -1.4729541605599503E-004
         253   2529.9999121352389       -4.1251748627328371E-005   1.0628164971959057E-004  -1.4753339834691894E-004
         254   2539.9999117879474       -4.1231135857883278E-005   1.0630106384149029E-004  -1.4753219969937357E-004
         255   2549.9999114406560       -4.1215228351256270E-005   1.0634575281436874E-004  -1.4756098116562501E-004
         256   2559.9999110933645       -4.1205162355045785E-005   1.0662163353810808E-004  -1.4782679589315386E-004
         257   2569.9999107460726       -4.1201113420391230E-005   1.0725436372908294E-004  -1.4845547714947418E-004
         258   2579.9999103987816       -4.1202326181514256E-005   1.0828475285388332E-004  -1.4948707903539757E-004
         259   2589.9999100514897       -4.1207352193604738E-005   1.0967805765095290E-004  -1.5088540984455764E-004
         260   2599.9999097041982       -4.1214435021511654E-005   1.1134375379963016E-004  -1.5255818882114181E-004
         261   2609.9999093569068       -4.1221911234906044E-005   1.1316030536581103E-004  -1.5438221660071707E-004
         262   2619.9999090096153       -4.1228503598324723E-005   1.1499916784091181E-004  -1.5622767143923653E-004
         263   2629.9999086623238       -4.1233447673121138E-005   1.1674369286370091E-004  -1.5797714053682204E-004
         264   2639.9999083150319       -4.1236466310113159E-005   1.1830090476678756E-004  -1.5953737107690072E-004
         265   2649.9999079677405       -4.1237650410995500E-005   1.1960629060858412E-004  -1.6084394101957962E-004
         266   2659.9999076204490       -4.1237310485510469E-005   1.2062314944989814E-004  -1.6186045993540861E-004
         267   2669.9999072731575       -4.1235845184300524E-005   1.2133855378702997E-004  -1.6257439897133049E-004
         268   2679.9999069258661       -4.1233648214372088E-005   1.2175780960317077E-004  -1.6299145781754285E-004
         269   2689.9999065785742       -4.1231055672756172E-005   1.2189879736815119E-004  -1.6312985304090736E-004
         270   2699.9999062312831       -4.1228325472201225E-005   1.2178701249593402E-004  -1.6301533796813525E-004
         271   2709.9999058839912       -4.1225637610331814E-005   1.2145165886650325E-004  -1.6267729647683507E-004
         272   2719.9999055366998       -4.1223105368447713E-005   1.2092283603283825E-004  -1.6214594140128596E-004
         273   2729.9999051894079       -4.1220790417846058E-005   1.2022968841461584E-004  -1.6145047883246190E-004
         274   2739.9999048421168       -4.1218717666036215E-005   1.1939931570804583E-004  -1.6061803337408205E-004
         275   2749.9999044948249       -4.1216887839580480E-005   1.1845623821798992E-004  -1.5967312605757040E-004
         276   2759.9999041475335       -4.1215287182836625E-005   1.1742223752397712E-004  -1.5863752470681374E-004
         277   2769.9999038002420       -4.1213894404198517E-005   1.1631643115036858E-004  -1.5753032555456710E-004
         278   2779.9999034529505       -4.1212685329698425E-005   1.1515547804418947E-004  -1.5636816337388790E-004
         279   2789.9999031056591       -4.1211635804470808E-005   1.1395384424960004E-004  -1.5516548005407085E-004
         280   2799.9999027583672       -4.1210723339321932E-005   1.1272408355151831E-004  -1.5393480689084024E-004
         281   2809.9999024110757       -4.1209927908178210E-005   1.1147710635079474E-004  -1.5268703425897295E-004
         282   2819.9999020637842       -4.1209232203334405E-005   1.1022242276320154E-004  -1.5143165496653594E-004
         283   2829.9999017164928       -4.1208621567912241E-005   1.0896835423108819E-004  -1.5017697579900043E-004
         284   2839.9999013692013       -4.1208083755019050E-005   1.0772221301601459E-004  -1.4893029677103364E-004
         285   2849.9999010219094       -4.1207608610768472E-005   1.0649045179560878E-004  -1.4769806040637726E-004
         286   2859.9999006746184       -4.1207187741004289E-005   1.0527878697286977E-004  -1.4648597471387406E-004
         287   2869.9999003273265       -4.1206814195990886E-005   1.0409229976657863E-004  -1.4529911396256952E-004
         288   2879.9998999800350       -4.1206482190456913E-005   1.0293551906597646E-004  -1.4414200125643337E-004
         289   2889.9998996327431       -4.1206186865700198E-005   1.0181248965467594E-004  -1.4301867652037614E-004
         290   2899.9998992854521       -4.1205924094047359E-005   1.0072682890087995E-004  -1.4193275299492731E-004
         291   2909.9998989381602       -4.1205690322413188E-005   9.9681774473432959E-005  -1.4088746479584615E-004
         292   2919.9998985908687       -4.1205482449999475E-005   9.8680225133484457E-005  -1.3988570758348393E-004
         293   2929.9998982435773       -4.1205297734631569E-005   9.7724776199041119E-005  -1.3893007393367269E-004
         294   2939.9998978962858       -4.1205133722368867E-005   9.6817750896100254E-005  -1.3802288461846912E-004
         295   2949.9998975489943       -4.1204988195533602E-005   9.5961228496303270E-005  -1.3716621669183687E-004
         296   2959.9998972017024       -4.1204859134977008E-005   9.5157069891964568E-005  -1.3636192902694158E-004
         297   2969.9998968544110       -4.1204744693122238E-005   9.4406941066772974E-005  -1.3561168575989521E-004
         298   2979.9998965071195       -4.1204643175007211E-005   9.3712334775228616E-005  -1.3491697795023583E-004
         299   2989.9998961598280       -4.1204553025170031E-005   9.3074590636872822E-005  -1.3427914366204285E-004
         300   2999.9998958125366       -4.1204472818747907E-005   9.2494913774269846E-005  -1.3369938659301775E-004
         301   3009.9998954652447       -4.1204401255605084E-005   9.1974392069231042E-005  -1.3317879332483613E-004
         302   3019.9998951179537       -4.1204337156660874E-005   9.1514012073827308E-005  -1.3271834923048818E-004
         303   3029.9998947706617       -4.1204279461877122E-005   9.1114673586307983E-005  -1.3231895304818511E-004
         304   3039.9998944233703       -4.1204227229585050E-005   9.0777202883138554E-005  -1.3198143011272360E-004
         305   3049.9998940760784       -4.1204179637006029E-005   9.0502364583839215E-005  -1.3170654422084524E-004
         306   3059.9998937287874       -4.1204135981953895E-005   9.0290872112716602E-005  -1.3149500809467050E-004
         307   3069.9998933814954       -4.1204095685810994E-005   9.0143396709047483E-005  -1.3134749239485848E-004
         308   3079.9998930342040       -4.1204058297952085E-005   9.0060574923342916E-005  -1.3126463322129500E-004
         309   3089.9998926869125       -4.1204023501859903E-005   9.0043014520841349E-005  -1.3124703802270125E-004
         310   3099.9998923396211       -4.1203991123236154E-005   9.0091298693414988E-005  -1.3129528981665114E-004
         311   3109.9998919923296       -4.1203961140467201E-005   9.0205988456818452E-005  -1.3140994959728565E-004
         312   3119.9998916450377       -4.1203933697862616E-005   9.0387623080919827E-005  -1.3159155677878244E-004
         313   3129.9998912977462       -4.1203909122138714E-005   9.0636718365520380E-005  -1.3184062748765909E-004
         314   3139.9998909504548       -4.1203887942685598E-005   9.0953762532848423E-005  -1.3215765047553402E-004
         315   3149.9998906031633       -4.1203870916219057E-005   9.1339209459044728E-005  -1.3254308037526379E-004
         316   3159.9998902558718       -4.1203859056491610E-005   9.1793468910133778E-005  -1.3299732796662539E-004
         317   3169.9998899085799       -4.1203853669806236E-005   9.2316893382267241E-005  -1.3352074705207348E-004
         318   3179.9998895612885       -4.1203856397147132E-005   9.2909761070619504E-005  -1.3411361746776664E-004
         319   3189.9998892139970       -4.1203869263800878E-005   9.3572254405468390E-005  -1.3477612366926927E-004
         320   3199.9998888667060       -4.1203894737379691E-005   9.4304433497161856E-005  -1.3550832823454155E-004
         321   3209.9998885194136       -4.1203935795164589E-005   9.5106203723654110E-005  -1.3631013951881870E-004
         322   3219.9998881721226       -4.1203996001624131E-005   9.5977276575492725E-005  -1.3718127257711686E-004
         323   3229.9998878248311       -4.1204079596820841E-005   9.6917122744901666E-005  -1.3812120234172251E-004
         324   3239.9998874775392       -4.1204191596118630E-005   9.7924916310730044E-005  -1.3912910790684867E-004
         325   3249.9998871302478       -4.1204337901112398E-005   9.8999468734468373E-005  -1.4020380663558077E-004
         326   3259.9998867829559       -4.1204525420898786E-005   1.0013915125233092E-004  -1.4134367667322970E-004
         327   3269.9998864356648       -4.1204762201596564E-005   1.0134180413704672E-004  -1.4254656633864329E-004
         328   3279.9998860883734       -4.1205057560219838E-005   1.0260463122916125E-004  -1.4380968878938109E-004
         329   3289.9998857410815       -4.1205422216421855E-005   1.0392407812849430E-004  -1.4512950034491616E-004
         330   3299.9998853937900       -4.1205868411970165E-005   1.0529569253058469E-004  -1.4650156094255486E-004
         331   3309.9998850464990       -4.1206410002778498E-005   1.0671396544435588E-004  -1.4792037544713438E-004
         332   3319.9998846992071       -4.1207062501516251E-005   1.0817215250946685E-004  -1.4937921501098311E-004
         333   3329.9998843519156       -4.1207843039847513E-005   1.0966207544331052E-004  -1.5086991848315803E-004
         334   3339.9998840046237       -4.1208770207842101E-005   1.1117390491695154E-004  -1.5238267512479364E-004
         335   3349.9998836573322       -4.1209863713857357E-005   1.1269592804954463E-004  -1.5390579176340199E-004
         336   3359.9998833100412       -4.1211143791363347E-005   1.1421430642128411E-004  -1.5542545021264746E-004
         337   3369.9998829627489       -4.1212630260695546E-005   1.1571283426691810E-004  -1.5692546452761365E-004
         338   3379.9998826154579       -4.1214341135751851E-005   1.1717271157274803E-004  -1.5838705270849988E-004
         339   3389.9998822681664       -4.1216290652489523E-005   1.1857235338827324E-004  -1.5978864404076276E-004
         340   3399.9998819208745       -4.1218486595126955E-005   1.1988726492268428E-004  -1.6110575151781124E-004
         341   3409.9998815735835       -4.1220926818914694E-005   1.2109002187329911E-004  -1.6231094869221380E-004
         342   3419.9998812262911       -4.1223594932125247E-005   1.2215040650620827E-004  -1.6337400143833351E-004
         343   3429.9998808790001       -4.1226455226519540E-005   1.2303576124507890E-004  -1.6426221647159844E-004
         344   3439.9998805317086       -4.1229447159414878E-005   1.2371163096812590E-004  -1.6494107812754078E-004
         345   3449.9998801844167       -4.1232480011002369E-005   1.2414276966418240E-004  -1.6537524967518476E-004
         346   3459.9998798371253       -4.1235428767178643E-005   1.2429458187852705E-004  -1.6553001064570569E-004
         347   3469.9998794898343       -4.1238132766060922E-005   1.2413504842479102E-004  -1.6537318119085194E-004
         348   3479.9998791425423       -4.1240399075319697E-005   1.2363714246280296E-004  -1.6487754153812265E-004
         349   3489.9998787952509       -4.1242012715361705E-005   1.2278167078038938E-004  -1.6402368349575108E-004
         350   3499.9998784479590       -4.1242755391545887E-005   1.2156037498307991E-004  -1.6280313037462580E-004
         351   3509.9998781006675       -4.1242433010675245E-005   1.1997900623771041E-004  -1.6122143924838565E-004
         352   3519.9998777533765       -4.1240909771341844E-005   1.1805996651213124E-004  -1.5930087628347308E-004
         353   3529.9998774060841       -4.1238143343218833E-005   1.1584402503020776E-004  -1.5708216837342660E-004
         354   3539.9998770587931       -4.1234212638621194E-005   1.1339061650126646E-004  -1.5462482913988765E-004
         355   3549.9998767115017       -4.1229328691747873E-005   1.1077634703117349E-004  -1.5200567572292136E-004
         356   3559.9998763642097       -4.1223822001612985E-005   1.0809158334378268E-004  -1.4931540534539567E-004
         357   3569.9998760169187       -4.1218106862142938E-005   1.0543533607339913E-004  -1.4665344293554207E-004
         358   3579.9998756696264       -4.1212632489643435E-005   1.0290896606379091E-004  -1.4412159855343434E-004
         359   3589.9998753223354       -4.1207837134724429E-005   1.0060941761968756E-004  -1.4181725475441198E-004
         360   3599.9998749750439       -4.1204119319384404E-005   9.8622633900921153E-005  -1.3982675322030556E-004
         361   3609.9998746277520       -4.1201828162852763E-005   9.7017573758465946E-005  -1.3821940192131871E-004
         362   3619.9998742804605       -4.1201257906971943E-005   9.5840996994967057E-005  -1.3704225490193900E-004
         363   3629.9998739331695       -4.1202621584032620E-005   9.5113142062463839E-005  -1.3631576364649646E-004
         364   3639.9998735858776       -4.1205985678360204E-005   9.4824713864515337E-005  -1.3603069954287554E-004
         365   3649.9998732385861       -4.1211172511041783E-005   9.4936123550330178E-005  -1.3614729606137196E-004
         366   3659.9998728912942       -4.1217668075455832E-005   9.5380332339474176E-005  -1.3659800041493001E-004
         367   3669.9998725440028       -4.1224591689486588E-005   9.6070527462948542E-005  -1.3729511915243513E-004
         368   3679.9998721967117       -4.1230776880803717E-005   9.6912953544720434E-005  -1.3814373042552415E-004
         369   3689.9998718494194       -4.1234980653345087E-005   9.7823642468738097E-005  -1.3905862312208318E-004
         370   3699.9998715021284       -4.1236192410089824E-005   9.8745986648396722E-005  -1.3998217905848655E-004
         371   3709.9998711548369       -4.1233968602806336E-005   9.9664738389198350E-005  -1.4089870699200469E-004
         372   3719.9998708075450       -4.1228686291907356E-005   1.0061173676791206E-004  -1.4184042305981942E-004
         373   3729.9998704602540       -4.1221600958114127E-005   1.0165991415453950E-004  -1.4288151511265363E-004
         374   3739.9998701129616       -4.1214628727656352E-005   1.0290497777392520E-004  -1.4411960650158155E-004
         375   3749.9998697656706       -4.1209862128722868E-005   1.0443804040854807E-004  -1.4564790253727094E-004
         376   3759.9998694183791       -4.1208951508543210E-005   1.0631611378276034E-004  -1.4752506529130355E-004
         377   3769.9998690710872       -4.1212577817220690E-005   1.0853911608756721E-004  -1.4975169390478790E-004
         378   3779.9998687237958       -4.1220233123636567E-005   1.1104068619449789E-004  -1.5226091931813446E-004
         379   3789.9998683765048       -4.1230395380266027E-005   1.1369583122821178E-004  -1.5492622660847781E-004
         380   3799.9998680292128       -4.1241004649365738E-005   1.1634301107555652E-004  -1.5758401572492226E-004
         381   3809.9998676819214       -4.1250030476055327E-005   1.1881406221959183E-004  -1.6006409269564716E-004
         382   3819.9998673346295       -4.1255925946138907E-005   1.2096397331173823E-004  -1.6221989925787713E-004
         383   3829.9998669873380       -4.1257863627239006E-005   1.2269393942422640E-004  -1.6395180305146540E-004
         384   3839.9998666400470       -4.1255761400566752E-005   1.2396407400705204E-004  -1.6521983540761879E-004
         385   3849.9998662927546       -4.1250169592921466E-005   1.2479513688790837E-004  -1.6604530648082984E-004
         386   3859.9998659454636       -4.1242094030623846E-005   1.2526072812373546E-004  -1.6650282215435931E-004
         387   3869.9998655981722       -4.1232799961964469E-005   1.2547247535495872E-004  -1.6670527531692319E-004
         388   3879.9998652508802       -4.1223613146564562E-005   1.2556114806517115E-004  -1.6678476121173572E-004
         389   3889.9998649035892       -4.1215725552529696E-005   1.2565673162003935E-004  -1.6687245717256905E-004
         390   3899.9998645562978       -4.1210022645435786E-005   1.2587041528124211E-004  -1.6708043792667789E-004
         391   3909.9998642090059       -4.1206962421705087E-005   1.2628108670643994E-004  -1.6748804912814503E-004
         392   3919.9998638617144       -4.1206536998168437E-005   1.2692813069751772E-004  -1.6813466769568616E-004
         393   3929.9998635144225       -4.1208329387322636E-005   1.2781111591053513E-004  -1.6901944529785777E-004
         394   3939.9998631671310       -4.1211648680555515E-005   1.2889557858206241E-004  -1.7010722726261792E-004
         395   3949.9998628198400       -4.1215702105419042E-005   1.3012298006293246E-004  -1.7133868216835150E-004
         396   3959.9998624725481       -4.1219755176018750E-005   1.3142236414159385E-004  -1.7264211931761260E-004
         397   3969.9998621252566       -4.1223243174202435E-005   1.3272137529179556E-004  -1.7394461846599799E-004
         398   3979.9998617779652       -4.1225819817647158E-005   1.3395496279918734E-004  -1.7518078261683450E-004
         399   3989.9998614306733       -4.1227350358321121E-005   1.3507098024368575E-004  -1.7629833060200687E-004
         400   3999.9998610833823       -4.1227868705938147E-005   1.3603269460279191E-004  -1.7726056330873006E-004
         401   4009.9998607360899       -4.1227520221369580E-005   1.3681876142781422E-004  -1.7804628164918380E-004
         402   4019.9998603887989       -4.1226506909788397E-005   1.3742146087655991E-004  -1.7864796778634831E-004
         403   4029.9998600415074       -4.1225044379927860E-005   1.3784398362188573E-004  -1.7906902800181358E-004
         404   4039.9998596942155       -4.1223333434557534E-005   1.3809740570934392E-004  -1.7932073914390145E-004
         405   4049.9998593469245       -4.1221544945625684E-005   1.3819778994603331E-004  -1.7941933489165900E-004
         406   4059.9998589996330       -4.1219814743264960E-005   1.3816366123147632E-004  -1.7938347597474128E-004
         407   4069.9998586523411       -4.1218244940274861E-005   1.3801395533912303E-004  -1.7923220027939789E-004
         408   4079.9998583050497       -4.1216908661961571E-005   1.3776644230081272E-004  -1.7898335096277430E-004
         409   4089.9998579577577       -4.1215855982141604E-005   1.3743657074910374E-004  -1.7865242673124535E-004
         410   4099.9998576104663       -4.1215119649290737E-005   1.3703665735760365E-004  -1.7825177700689438E-004
         411   4109.9998572631748       -4.1214719783568525E-005   1.3657534493600028E-004  -1.7779006471956881E-004
         412   4119.9998569158834       -4.1214667113880198E-005   1.3605726513136513E-004  -1.7727193224524533E-004
         413   4129.9998565685919       -4.1214964538677365E-005   1.3548286122658286E-004  -1.7669782576526023E-004
         414   4139.9998562213004       -4.1215606889249756E-005   1.3484834981910746E-004  -1.7606395670835721E-004
         415   4149.9998558740090       -4.1216578807999285E-005   1.3414582552774009E-004  -1.7536240433573938E-004
         416   4159.9998555267175       -4.1217850685849097E-005   1.3336353950970335E-004  -1.7458139019555245E-004
         417   4169.9998551794251       -4.1219372696582661E-005   1.3248640968354061E-004  -1.7370578238012327E-004
         418   4179.9998548321337       -4.1221067195204076E-005   1.3149684642320070E-004  -1.7271791361840477E-004
         419   4189.9998544848431       -4.1222820194743197E-005   1.3037599840100815E-004  -1.7159881859575134E-004
         420   4199.9998541375508       -4.1224473376703339E-005   1.2910553236657711E-004  -1.7033000574328045E-004
         421   4209.9998537902593       -4.1225819150564368E-005   1.2767004702435181E-004  -1.6889586617491618E-004
         422   4219.9998534429678       -4.1226602552702098E-005   1.2606016968284392E-004  -1.6728677223554601E-004
         423   4229.9998530956764       -4.1226534910308974E-005   1.2427627756503366E-004  -1.6550281247534264E-004
         424   4239.9998527483849       -4.1225324468255038E-005   1.2233260942098336E-004  -1.6355793388923840E-004
         425   4249.9998524010925       -4.1222727483594001E-005   1.2026128710999177E-004  -1.6148401459358577E-004
         426   4259.9998520538020       -4.1218618437525377E-005   1.1811548017307360E-004  -1.5933409861059898E-004
         427   4269.9998517065105       -4.1213069485643761E-005   1.1597069290238804E-004  -1.5718376238803180E-004
         428   4279.9998513592182       -4.1206418465524261E-005   1.1392305573617329E-004  -1.5512947420169755E-004
         429   4289.9998510119276       -4.1199296078903158E-005   1.1208370891155871E-004  -1.5328300499046186E-004
         430   4299.9998506646361       -4.1192583152729808E-005   1.1056898575061312E-004  -1.5176156890334293E-004
         431   4309.9998503173438       -4.1187284266261528E-005   1.0948711342114771E-004  -1.5067439768740924E-004
         432   4319.9998499700523       -4.1184334181545925E-005   1.0892332053883080E-004  -1.5010765472037673E-004
         433   4329.9998496227608       -4.1184387473753065E-005   1.0892615196811792E-004  -1.5011053944187099E-004
         434   4339.9998492754694       -4.1187660729326460E-005   1.0949798442664048E-004  -1.5068564515596694E-004
         435   4349.9998489281779       -4.1193885371321637E-005   1.1059196977184144E-004  -1.5178585514316308E-004
         436   4359.9998485808865       -4.1202388589317289E-005   1.1211607358002628E-004  -1.5331846216934357E-004
         437   4369.9998482335950       -4.1212269791865658E-005   1.1394308030678041E-004  -1.5515535009864607E-004
         438   4379.9998478863035       -4.1222606711977363E-005   1.1592408306950041E-004  -1.5714668978147778E-004
         439   4389.9998475390112       -4.1232623731124083E-005   1.1790252502089847E-004  -1.5913514875202255E-004
         440   4399.9998471917206       -4.1241780495171606E-005   1.1972634688287183E-004  -1.6096812737804344E-004
         441   4409.9998468444282       -4.1249773834020487E-005   1.2125688747389189E-004  -1.6250666130791238E-004
         442   4419.9998464971368       -4.1256473321364537E-005   1.2237440415516102E-004  -1.6363087747652555E-004
         443   4429.9998461498453       -4.1261823193701800E-005   1.2298103873749767E-004  -1.6424286193119947E-004
         444   4439.9998458025539       -4.1265743319296460E-005   1.2300255881460907E-004  -1.6426830213390553E-004
         445   4449.9998454552624       -4.1268056373294310E-005   1.2239023574145178E-004  -1.6365829211474609E-004
         446   4459.9998451079709       -4.1268462880317692E-005   1.2112384620414861E-004  -1.6239230908446630E-004
         447   4469.9998447606795       -4.1266581382810744E-005   1.1921608496577536E-004  -1.6048266634858610E-004
         448   4479.9998444133880       -4.1262063869090733E-005   1.1671773035523019E-004  -1.5797979422432093E-004
         449   4489.9998440660966       -4.1254780065642989E-005   1.1372183843611960E-004  -1.5497661850176258E-004
         450   4499.9998437188042       -4.1245033443188420E-005   1.1036431780447218E-004  -1.5160935124766060E-004
         451   4509.9998433715136       -4.1233731358759595E-005   1.0681790082627976E-004  -1.4805163218503935E-004
         452   4519.9998430242213       -4.1222402319561772E-005   1.0327732401202875E-004  -1.4449972633159052E-004
         453   4529.9998426769298       -4.1212968494417813E-005   9.9935805100124898E-005  -1.4114877359454271E-004
         454   4539.9998423296383       -4.1207265800418026E-005   9.6956359573813146E-005  -1.3816362537423117E-004
         455   4549.9998419823469       -4.1206438811866155E-005   9.4444917864855158E-005  -1.3565135667672131E-004
         456   4559.9998416350554       -4.1210449420849880E-005   9.2433758942990173E-005  -1.3364420836384005E-004
         457   4569.9998412877640       -4.1217938343703013E-005   9.0882028294810547E-005  -1.3209996663851356E-004
         458   4579.9998409404725       -4.1226541862751651E-005   8.9695130729133466E-005  -1.3092167259188512E-004
         459   4589.9998405931810       -4.1233567097615479E-005   8.8758446064180581E-005  -1.2999201316179606E-004
         460   4599.9998402458887       -4.1236786182256458E-005   8.7975792506941091E-005  -1.2921257868919755E-004
         461   4609.9998398985981       -4.1235087850948854E-005   8.7301335533113985E-005  -1.2853642338406284E-004
         462   4619.9998395513066       -4.1228798372578760E-005   8.6755601899427820E-005  -1.2798440027200658E-004
         463   4629.9998392040143       -4.1219588995460328E-005   8.6420966822141595E-005  -1.2764055581760192E-004
         464   4639.9998388567228       -4.1209991293858676E-005   8.6417937392774727E-005  -1.2762792868663340E-004
         465   4649.9998385094323       -4.1202649054444579E-005   8.6869178204441273E-005  -1.2807182725888585E-004
         466   4659.9998381621399       -4.1199536448344591E-005   8.7861929657089772E-005  -1.2906146610543436E-004
         467   4669.9998378148484       -4.1201413339061790E-005   8.9419880012082972E-005  -1.3062129335114476E-004
         468   4679.9998374675570       -4.1207711172501030E-005   9.1492204884467923E-005  -1.3269991605696895E-004
         469   4689.9998371202655       -4.1216859268563752E-005   9.3961508724501534E-005  -1.3517836799306529E-004
         470   4699.9998367729740       -4.1226872267171593E-005   9.6666279048751214E-005  -1.3789315131592281E-004
         471   4709.9998364256817       -4.1235938310925751E-005   9.9429733722653286E-005  -1.4066567203357904E-004
         472   4719.9998360783911       -4.1242806489558969E-005   1.0208674139382350E-004  -1.4332954788338247E-004
         473   4729.9998357310997       -4.1246907685208616E-005   1.0450311641453297E-004  -1.4575002409974159E-004
         474   4739.9998353838073       -4.1248262844537987E-005   1.0658525153180661E-004  -1.4783351437634460E-004
         475   4749.9998350365158       -4.1247285149229349E-005   1.0828109955572700E-004  -1.4952838470495635E-004
         476   4759.9998346892244       -4.1244572193152777E-005   1.0957515076837530E-004  -1.5081972296152808E-004
         477   4769.9998343419329       -4.1240744327586604E-005   1.1048033728274176E-004  -1.5172108161032836E-004
         478   4779.9998339946414       -4.1236346038694169E-005   1.1102923843475527E-004  -1.5226558447344944E-004
         479   4789.9998336473500       -4.1231802582637501E-005   1.1126610659009651E-004  -1.5249790917273401E-004
         480   4799.9998333000585       -4.1227414591758321E-005   1.1124044455611536E-004  -1.5246785914787368E-004
         481   4809.9998329527671       -4.1223373597478428E-005   1.1100230099237601E-004  -1.5222567458985444E-004
         482   4819.9998326054747       -4.1219785804644214E-005   1.1059912266706333E-004  -1.5181890847170755E-004
         483   4829.9998322581841       -4.1216696400929565E-005   1.1007385908573280E-004  -1.5129055548666236E-004
         484   4839.9998319108918       -4.1214110593783225E-005   1.0946398872958321E-004  -1.5067809932336644E-004
         485   4849.9998315636003       -4.1212010097490468E-005   1.0880117099588307E-004  -1.5001318109337353E-004
         486   4859.9998312163088       -4.1210365173070771E-005   1.0811128631169058E-004  -1.4932165148476135E-004
         487   4869.9998308690174       -4.1209142926269091E-005   1.0741468738331560E-004  -1.4862383030958469E-004
         488   4879.9998305217259       -4.1208312719169505E-005   1.0672653714582692E-004  -1.4793484986499642E-004
         489   4889.9998301744345       -4.1207849474805954E-005   1.0605715056505441E-004  -1.4726500003986036E-004
         490   4899.9998298271430       -4.1207735486100110E-005   1.0541228849364235E-004  -1.4662002397974246E-004
         491   4909.9998294798515       -4.1207961149742492E-005   1.0479337434402329E-004  -1.4600133549376578E-004
         492   4919.9998291325592       -4.1208524860954709E-005   1.0419762096015799E-004  -1.4540614582111270E-004
         493   4929.9998287852686       -4.1209432132970945E-005   1.0361806830431733E-004  -1.4482750043728828E-004
         494   4939.9998284379772       -4.1210693842219323E-005   1.0304354485003568E-004  -1.4425423869225500E-004
         495   4949.9998280906848       -4.1212323341748692E-005   1.0245857918894300E-004  -1.4367090253069169E-004
         496   4959.9998277433933       -4.1214332032412458E-005   1.0184330552930213E-004  -1.4305763756171459E-004
         497   4969.9998273961028       -4.1216722848830387E-005   1.0117342955808230E-004  -1.4239015240691269E-004
         498   4979.9998270488104       -4.1219481046113858E-005   1.0042035122013798E-004  -1.4163983226625184E-004
         499   4989.9998267015189       -4.1222561745864851E-005   9.9551578948920051E-005  -1.4077414069478490E-004
         500   4999.9998263542275       -4.1225874056332844E-005   9.8531614081148991E-005  -1.3975748813748183E-004
