 # step, time, energy, kin_ener, pot_ener
           0   0.0000000000000000       -8.4345640094024625E-005   0.0000000000000000       -8.4345640094024625E-005
           1   9.9999996527084551       -8.4345630576445734E-005   3.1716696265706752E-008  -8.4377347272711437E-005
           2   19.999999305416910       -8.4345601917824793E-005   1.2701928302484708E-007  -8.4472621200849644E-005
           3   29.999998958125367       -8.4345553799928462E-005   2.8636688960227942E-007  -8.4631920689530742E-005
           4   39.999998610833821       -8.4345485690590441E-005   5.1053019363740962E-007  -8.4856015884227854E-005
           5   49.999998263542281       -8.4345396841626447E-005   8.0059964929449293E-007  -8.5145996490920947E-005
           6   59.999997916250734       -8.4345286287181346E-005   1.1579970687229025E-006  -8.5503283355904249E-005
           7   69.999997568959188       -8.4345152844030638E-005   1.5844905982233980E-006  -8.5929643442254037E-005
           8   79.999997221667641       -8.4344995116209098E-005   2.0822131091126755E-006  -8.6427208225321769E-005
           9   89.999996874376095       -8.4344811507584713E-005   2.6536839691354252E-006  -8.6998495476720141E-005
          10   99.999996527084562       -8.4344600247843947E-005   3.3018340561492944E-006  -8.7646434303993235E-005
          11   109.99999617979302       -8.4344359440104231E-005   4.0300336960115703E-006  -8.8374393136115802E-005
          12   119.99999583250147       -8.4344087142476331E-005   4.8421229128452566E-006  -8.9186210055321589E-005
          13   129.99999548520992       -8.4343781502027170E-005   5.7424429150296514E-006  -9.0086224417056828E-005
          14   139.99999513791838       -8.4343440968765818E-005   6.7358670190290381E-006  -9.1079307987794854E-005
          15   149.99999479062683       -8.4343064630999231E-005   7.8278281080610124E-006  -9.2170892739060241E-005
          16   159.99999444333528       -8.4342652733951240E-005   9.0243380431149341E-006  -9.3366990777066171E-005
          17   169.99999409604374       -8.4342207474263179E-005   1.0331991905475513E-005  -9.4674199379738693E-005
          18   179.99999374875219       -8.4341734208836751E-005   1.1757946128641203E-005  -9.6099680337477953E-005
          19   189.99999340146064       -8.4341243284502201E-005   1.3309853843749676E-005  -9.7651097128251884E-005
          20   199.99999305416912       -8.4340752794989413E-005   1.4995732188197648E-005  -9.9336484983187059E-005
          21   209.99999270687758       -8.4340292716270706E-005   1.6823723560669298E-005  -1.0116401627694001E-004
          22   219.99999235958603       -8.4339911074620891E-005   1.8801693920512589E-005  -1.0314160499513348E-004
          23   229.99999201229448       -8.4339683073487130E-005   2.0936583576378015E-005  -1.0527626664986514E-004
          24   239.99999166500294       -8.4339724434454543E-005   2.3233386081887224E-005  -1.0757311051634176E-004
          25   249.99999131771139       -8.4340210520420021E-005   2.5693575051564492E-005  -1.1003378557198451E-004
          26   259.99999097041984       -8.4341402870803894E-005   2.8312724173190831E-005  -1.1265412704399473E-004
          27   269.99999062312827       -8.4343683977752056E-005   3.1076974808025138E-005  -1.1542065878577719E-004
          28   279.99999027583675       -8.4347598039306347E-005   3.3957915932774139E-005  -1.1830551397208049E-004
          29   289.99998992854518       -8.4353886983141242E-005   3.6905408200278829E-005  -1.2125929518342006E-004
          30   299.99998958125366       -8.4363491386776679E-005   3.9838047276907351E-005  -1.2420153866368402E-004
          31   309.99998923396208       -8.4377445608413120E-005   4.2631629923538318E-005  -1.2700907553195144E-004
          32   319.99998888667056       -8.4396526307588775E-005   4.5107758781933438E-005  -1.2950428508952221E-004
          33   329.99998853937899       -8.4420425646356196E-005   4.7028559776478112E-005  -1.3144898542283431E-004
          34   339.99998819208747       -8.4446213825951395E-005   4.8110360408508368E-005  -1.3255657423445977E-004
          35   349.99998784479590       -8.4466245581692407E-005   4.8078288761307511E-005  -1.3254453434299992E-004
          36   359.99998749750438       -8.4467025626557642E-005   4.6787787638035784E-005  -1.3125481326459342E-004
          37   369.99998715021280       -8.4432938223451710E-005   4.4417574278647855E-005  -1.2885051250209956E-004
          38   379.99998680292128       -8.4359078412457554E-005   4.1663720621833944E-005  -1.2602279903429150E-004
          39   389.99998645562971       -8.4268170900360988E-005   3.9750867205064788E-005  -1.2401903810542578E-004
          40   399.99998610833825       -8.4209073462660603E-005   4.0062466126001198E-005  -1.2427153958866180E-004
          41   409.99998576104667       -8.4220514671686078E-005   4.3462629225113797E-005  -1.2768314389679988E-004
          42   419.99998541375516       -8.4292851206940855E-005   4.9789012421587705E-005  -1.3408186362852856E-004
          43   429.99998506646358       -8.4378339302673412E-005   5.7976383895992546E-005  -1.4235472319866596E-004
          44   439.99998471917206       -8.4435584863636336E-005   6.6689978245583291E-005  -1.5112556310921963E-004
          45   449.99998437188049       -8.4453880827519985E-005   7.4922309068513700E-005  -1.5937618989603369E-004
          46   459.99998402458897       -8.4444890157464144E-005   8.2204543771256173E-005  -1.6664943392872032E-004
          47   469.99998367729739       -8.4425758226473868E-005   8.8492072332652162E-005  -1.7291783055912603E-004
          48   479.99998333000588       -8.4410140591665290E-005   9.3939105871993555E-005  -1.7834924646365884E-004
          49   489.99998298271430       -8.4407225275089863E-005   9.8701346395245254E-005  -1.8310857167033512E-004
          50   499.99998263542278       -8.4423784333243686E-005   1.0279826677555004E-004  -1.8722205110879373E-004
          51   509.99998228813121       -8.4465572820290548E-005   1.0601731913041701E-004  -1.9048289195070756E-004
          52   519.99998194083969       -8.4535374767878490E-005   1.0784874866828404E-004  -1.9238412343616253E-004
          53   529.99998159354811       -8.4624204194643800E-005   1.0748986182980883E-004  -1.9211406602445263E-004
          54   539.99998124625654       -8.4693104855321010E-005   1.0405354086653250E-004  -1.8874664572185351E-004
          55   549.99998089896508       -8.4658040622693673E-005   9.7212357114370549E-005  -1.8187039773706422E-004
          56   559.99998055167350       -8.4432086800861333E-005   8.8349692169590962E-005  -1.7278177897045229E-004
          57   569.99998020438193       -8.4077147237637638E-005   8.1413657504168693E-005  -1.6549080474180633E-004
          58   579.99997985709035       -8.3884030768464828E-005   8.1599223699028677E-005  -1.6548325446749351E-004
          59   589.99997950979889       -8.4057159615408549E-005   9.1534769784994694E-005  -1.7559192940040324E-004
          60   599.99997916250732       -8.4406351869726462E-005   1.0888089003907059E-004  -1.9328724190879705E-004
          61   609.99997881521574       -8.4636162954696036E-005   1.2855868808658006E-004  -2.1319485104127610E-004
          62   619.99997846792417       -8.4676272391110563E-005   1.4659331155959649E-004  -2.3126958395070706E-004
          63   629.99997812063270       -8.4613637770173137E-005   1.6153388366395977E-004  -2.4614752143413291E-004
          64   639.99997777334113       -8.4538441105180834E-005   1.7361495561648451E-004  -2.5815339672166535E-004
          65   649.99997742604955       -8.4498734969346982E-005   1.8353486168545176E-004  -2.6803359665479874E-004
          66   659.99997707875798       -8.4514932387298985E-005   1.9169741054387874E-004  -2.7621234293117772E-004
          67   669.99997673146652       -8.4595345392651544E-005   1.9787031354264912E-004  -2.8246565893530067E-004
          68   679.99997638417494       -8.4731960139399246E-005   2.0109354737926486E-004  -2.8582550751866411E-004
          69   689.99997603688337       -8.4868514425831998E-005   1.9992361858459350E-004  -2.8479213301042550E-004
          70   699.99997568959179       -8.4858536839614232E-005   1.9343674271200120E-004  -2.7829527955161544E-004
          71   709.99997534230033       -8.4533455682929133E-005   1.8328827144573241E-004  -2.6782172712866154E-004
          72   719.99997499500876       -8.4034779788624326E-005   1.7531715174410559E-004  -2.5935193153272992E-004
          73   729.99997464771718       -8.3948937756698144E-005   1.7669507198118665E-004  -2.6064400973788479E-004
          74   739.99997430042561       -8.4491272127727051E-005   1.8869651484076927E-004  -2.7318778696849632E-004
          75   749.99997395313414       -8.5080948355514526E-005   2.0443396208626462E-004  -2.8951491044177914E-004
          76   759.99997360584257       -8.5222925661747345E-005   2.1571441624295310E-004  -3.0093734190470044E-004
          77   769.99997325855099       -8.4951039098920384E-005   2.1986309999590050E-004  -3.0481413909482088E-004
          78   779.99997291125942       -8.4619864876633090E-005   2.1990992256939050E-004  -3.0452978744602359E-004
          79   789.99997256396796       -8.4641275713188708E-005   2.1980469499461956E-004  -3.0444597070780827E-004
          80   799.99997221667650       -8.5118669187400121E-005   2.1902986030673376E-004  -3.0414852949413388E-004
          81   809.99997186938481       -8.5731325658207645E-005   2.1143063990099623E-004  -2.9716196555920388E-004
          82   819.99997152209335       -8.5913560682904499E-005   1.8994714830021148E-004  -2.7586070898311598E-004
          83   829.99997117480177       -8.5019255000578521E-005   1.5522176879077435E-004  -2.4024102379135287E-004
          84   839.99997082751031       -8.3424943265531757E-005   1.2266427243577810E-004  -2.0608921570130985E-004
          85   849.99997048021862       -8.3250379324293836E-005   1.1342620555124811E-004  -1.9667658487554194E-004
          86   859.99997013292716       -8.4627886143148593E-005   1.3000728872659590E-004  -2.1463517486974449E-004
          87   869.99996978563559       -8.5471480132964008E-005   1.5466825801937865E-004  -2.4013973815234266E-004
          88   879.99996943834412       -8.5327442327775269E-005   1.7274135449600484E-004  -2.5806879682378010E-004
          89   889.99996909105244       -8.4849640887611820E-005   1.8240126628393100E-004  -2.6725090717154282E-004
          90   899.99996874376097       -8.4519906581698189E-005   1.8814227976512250E-004  -2.7266218634682069E-004
          91   909.99996839646940       -8.4455857438501890E-005   1.9370602600563705E-004  -2.7816188344413894E-004
          92   919.99996804917794       -8.4534375419793249E-005   1.9972946490254552E-004  -2.8426384032233877E-004
          93   929.99996770188625       -8.4603372476598952E-005   2.0490619381256106E-004  -2.8950956628916001E-004
          94   939.99996735459479       -8.4607072340288570E-005   2.0790821414636487E-004  -2.9251528648665344E-004
          95   949.99996700730321       -8.4563228851631015E-005   2.0827568829591707E-004  -2.9283891714754808E-004
          96   959.99996666001175       -8.4503781256635300E-005   2.0629764045541272E-004  -2.9080142171204802E-004
          97   969.99996631272006       -8.4448466174186617E-005   2.0259351990372545E-004  -2.8704198607791206E-004
          98   979.99996596542860       -8.4404328447820699E-005   1.9780947589193254E-004  -2.8221380433975324E-004
          99   989.99996561813703       -8.4371670516242541E-005   1.9248675532264678E-004  -2.7685842583888932E-004
         100   999.99996527084556       -8.4348434956343335E-005   1.8703520494522090E-004  -2.7138363990156423E-004
         101   1009.9999649235539       -8.4332252609763055E-005   1.8174963819609261E-004  -2.6608189080585566E-004
         102   1019.9999645762624       -8.4321127844261024E-005   1.7683641440758985E-004  -2.6115754225185088E-004
         103   1029.9999642289708       -8.4313550210730198E-005   1.7243779648374821E-004  -2.5675134669447841E-004
         104   1039.9999638816794       -8.4308424572001234E-005   1.6865101903668872E-004  -2.5295944360868996E-004
         105   1049.9999635343877       -8.4304971695049914E-005   1.6554232956651725E-004  -2.4984730126156716E-004
         106   1059.9999631870962       -8.4302645298814675E-005   1.6315705895144673E-004  -2.4745970425026141E-004
         107   1069.9999628398045       -8.4301073466220850E-005   1.6152671670223163E-004  -2.4582779016845248E-004
         108   1079.9999624925131       -8.4300021852361706E-005   1.6067384127909008E-004  -2.4497386313145178E-004
         109   1089.9999621452216       -8.4299375156415157E-005   1.6061506762751101E-004  -2.4491444278392616E-004
         110   1099.9999617979302       -8.4299135051773666E-005   1.6136263964201407E-004  -2.4566177469378774E-004
         111   1109.9999614506385       -8.4299434995951830E-005   1.6292438021463246E-004  -2.4722381521058429E-004
         112   1119.9999611033470       -8.4300574417913858E-005   1.6530191002281881E-004  -2.4960248444073267E-004
         113   1129.9999607560553       -8.4303076173915275E-005   1.6848665440600540E-004  -2.5278973057992068E-004
         114   1139.9999604087639       -8.4307770445794718E-005   1.7245288460881016E-004  -2.5676065505460488E-004
         115   1149.9999600614722       -8.4315901625040479E-005   1.7714673208267892E-004  -2.6146263370771940E-004
         116   1159.9999597141807       -8.4329233313018385E-005   1.8246991831778449E-004  -2.6679915163080288E-004
         117   1169.9999593668892       -8.4350072369341006E-005   1.8825721885274289E-004  -2.7260729122208390E-004
         118   1179.9999590195978       -8.4381016959466536E-005   1.9424828298245965E-004  -2.7862929994192619E-004
         119   1189.9999586723061       -8.4424034599629873E-005   2.0005906639410161E-004  -2.8448310099373148E-004
         120   1199.9999583250146       -8.4478279543127199E-005   2.0516840088344711E-004  -2.8964668042657431E-004
         121   1209.9999579777229       -8.4536346780624119E-005   2.0895263133773086E-004  -2.9348897811835498E-004
         122   1219.9999576304315       -8.4580726186434804E-005   2.1081810542122108E-004  -2.9539883160765589E-004
         123   1229.9999572831398       -8.4587342820134593E-005   2.1046356084153617E-004  -2.9505090366167076E-004
         124   1239.9999569358483       -8.4546597962738935E-005   2.0818701948634055E-004  -2.9273361744907949E-004
         125   1249.9999565885569       -8.4495751037696250E-005   2.0492872136291298E-004  -2.8942447240060923E-004
         126   1259.9999562412654       -8.4514552193081676E-005   2.0168192641656585E-004  -2.8619647860964753E-004
         127   1269.9999558939737       -8.4646404552928364E-005   1.9845120280365707E-004  -2.8309760735658544E-004
         128   1279.9999555466823       -8.4826442773845397E-005   1.9377422749659385E-004  -2.7860067027043924E-004
         129   1289.9999551993908       -8.4922079178430466E-005   1.8563934349599169E-004  -2.7056142267442216E-004
         130   1299.9999548520991       -8.4825718602712615E-005   1.7331864127805577E-004  -2.5814435988076839E-004
         131   1309.9999545048076       -8.4515547219183961E-005   1.5888335712507570E-004  -2.4339890434425966E-004
         132   1319.9999541575160       -8.4123193865378199E-005   1.4733013252700374E-004  -2.3145332639238193E-004
         133   1329.9999538102245       -8.3916076599815155E-005   1.4448490295758276E-004  -2.2840097955739792E-004
         134   1339.9999534629330       -8.4037636337083499E-005   1.5340710109839031E-004  -2.3744473743547381E-004
         135   1349.9999531156416       -8.4361768638406965E-005   1.7245191033385512E-004  -2.5681367897226209E-004
         136   1359.9999527683499       -8.4691366127660924E-005   1.9668978629800018E-004  -2.8138115242566110E-004
         137   1369.9999524210584       -8.4908448094865569E-005   2.2065576451228206E-004  -3.0556421260714763E-004
         138   1379.9999520737667       -8.4982024054110151E-005   2.4028368265938929E-004  -3.2526570671349944E-004
         139   1389.9999517264753       -8.4949858127833673E-005   2.5356129645955322E-004  -3.3851115458738689E-004
         140   1399.9999513791836       -8.4876516454312318E-005   2.6016080842312575E-004  -3.4503732487743807E-004
         141   1409.9999510318921       -8.4809926125835506E-005   2.6061773866834528E-004  -3.4542766479418079E-004
         142   1419.9999506846007       -8.4761270885851711E-005   2.5566684822675629E-004  -3.4042811911260800E-004
         143   1429.9999503373092       -8.4702044752689757E-005   2.4606969285135113E-004  -3.3077173760404088E-004
         144   1439.9999499900175       -8.4577632333038592E-005   2.3298505510908538E-004  -3.1756268744212397E-004
         145   1449.9999496427261       -8.4359236462212248E-005   2.1861716353593232E-004  -3.0297639999814457E-004
         146   1459.9999492954344       -8.4123188527058515E-005   2.0637079094254198E-004  -2.9049397946960049E-004
         147   1469.9999489481429       -8.4033799723335934E-005   1.9962353544753108E-004  -2.8365733517086701E-004
         148   1479.9999486008512       -8.4159523300873275E-005   1.9959822816635045E-004  -2.8375775146722372E-004
         149   1489.9999482535598       -8.4377059519520018E-005   2.0453388059867787E-004  -2.8891094011819789E-004
         150   1499.9999479062683       -8.4531299501043426E-005   2.1119761870495586E-004  -2.9572891820599928E-004
         151   1509.9999475589768       -8.4580671208218380E-005   2.1697025339265051E-004  -3.0155092460086889E-004
         152   1519.9999472116851       -8.4569244931374793E-005   2.2064179251547454E-004  -3.0521103744684933E-004
         153   1529.9999468643937       -8.4552366266688094E-005   2.2198909423956924E-004  -3.0654146050625733E-004
         154   1539.9999465171020       -8.4565347606785520E-005   2.2104716571340533E-004  -3.0561251332019085E-004
         155   1549.9999461698105       -8.4621233195642784E-005   2.1759999138735924E-004  -3.0222122458300202E-004
         156   1559.9999458225188       -8.4706466078369487E-005   2.1101399619520363E-004  -2.9572046227357312E-004
         157   1569.9999454752274       -8.4762257544907790E-005   2.0051160786021830E-004  -2.8527386540512609E-004
         158   1579.9999451279359       -8.4676026661100872E-005   1.8609385798332826E-004  -2.7076988464442913E-004
         159   1589.9999447806442       -8.4368547459125670E-005   1.6999917438759830E-004  -2.5436772184672397E-004
         160   1599.9999444333530       -8.4003145029869789E-005   1.5725653651855857E-004  -2.4125968154842836E-004
         161   1609.9999440860613       -8.3960698139133420E-005   1.5302781677265846E-004  -2.3698851491179188E-004
         162   1619.9999437387696       -8.4330753189326013E-005   1.5790103040139413E-004  -2.4223178359072015E-004
         163   1629.9999433914779       -8.4765428079816324E-005   1.6687730751298497E-004  -2.5164273559280130E-004
         164   1639.9999430441867       -8.4983598490857224E-005   1.7355450380255490E-004  -2.5853810229341213E-004
         165   1649.9999426968950       -8.4969895817103581E-005   1.7416349183670514E-004  -2.5913338765380873E-004
         166   1659.9999423496035       -8.4789406029323977E-005   1.6843279158055299E-004  -2.5322219760987697E-004
         167   1669.9999420023119       -8.4499415158850581E-005   1.5884683805806582E-004  -2.4334625321691640E-004
         168   1679.9999416550206       -8.4215022648106487E-005   1.4953974545372484E-004  -2.3375476810183132E-004
         169   1689.9999413077289       -8.4104895196269834E-005   1.4443189002770736E-004  -2.2853678522397720E-004
         170   1699.9999409604372       -8.4220146761218253E-005   1.4498561940555076E-004  -2.2920576616676901E-004
         171   1709.9999406131456       -8.4422864093816044E-005   1.4956063031329808E-004  -2.3398349440711412E-004
         172   1719.9999402658543       -8.4557509677405204E-005   1.5510259742784640E-004  -2.3966010710525161E-004
         173   1729.9999399185626       -8.4584911041397015E-005   1.5924740362312177E-004  -2.4383231466451879E-004
         174   1739.9999395712712       -8.4545574353642091E-005   1.6108532406658679E-004  -2.4563089842022888E-004
         175   1749.9999392239795       -8.4486421688848164E-005   1.6077278608495499E-004  -2.4525920777380316E-004
         176   1759.9999388766882       -8.4433214614944004E-005   1.5890174761001041E-004  -2.4333496222495442E-004
         177   1769.9999385293966       -8.4394062031173579E-005   1.5609385275795510E-004  -2.4048791478912867E-004
         178   1779.9999381821049       -8.4368746333440337E-005   1.5283994946734073E-004  -2.3720869580078107E-004
         179   1789.9999378348132       -8.4354922471314151E-005   1.4947332251522135E-004  -2.3382824498653550E-004
         180   1799.9999374875219       -8.4350973628767768E-005   1.4618688656343757E-004  -2.3053786019220534E-004
         181   1809.9999371402303       -8.4356903032916270E-005   1.4304868775228218E-004  -2.2740559078519845E-004
         182   1819.9999367929388       -8.4374067546762280E-005   1.4000013396145959E-004  -2.2437420150822187E-004
         183   1829.9999364456471       -8.4403854094903456E-005   1.3684037385283150E-004  -2.2124422794773496E-004
         184   1839.9999360983559       -8.4444958897065571E-005   1.3321710652946630E-004  -2.1766206542653187E-004
         185   1849.9999357510642       -8.4488971401953554E-005   1.2866436795797563E-004  -2.1315333935992918E-004
         186   1859.9999354037725       -8.4515529875350099E-005   1.2274799510268448E-004  -2.0726352497803458E-004
         187   1869.9999350564808       -8.4493295177612366E-005   1.1537147197295747E-004  -1.9986476715056983E-004
         188   1879.9999347091896       -8.4399188105593360E-005   1.0718980140832018E-004  -1.9158898951391354E-004
         189   1889.9999343618979       -8.4257822291631152E-005   9.9828837364569035E-005  -1.8408665965620019E-004
         190   1899.9999340146064       -8.4157052139266877E-005   9.5422136129471691E-005  -1.7957918826873857E-004
         191   1909.9999336673147       -8.4179343249981195E-005   9.5396654647618496E-005  -1.7957599789759969E-004
         192   1919.9999333200235       -8.4308078021357651E-005   9.9426658545625089E-005  -1.8373473656698274E-004
         193   1929.9999329727318       -8.4447867472313518E-005   1.0564125875005804E-004  -1.9008912622237156E-004
         194   1939.9999326254401       -8.4526245398798054E-005   1.1185736207741690E-004  -1.9638360747621495E-004
         195   1949.9999322781489       -8.4535954377826594E-005   1.1662984255460451E-004  -2.0116579693243110E-004
         196   1959.9999319308572       -8.4504924745283958E-005   1.1948334696856896E-004  -2.0398827171385291E-004
         197   1969.9999315835655       -8.4461147921351129E-005   1.2060213153201748E-004  -2.0506327945336861E-004
         198   1979.9999312362741       -8.4420468327041083E-005   1.2044370170668722E-004  -2.0486417003372830E-004
         199   1989.9999308889826       -8.4388544668435007E-005   1.1948991054629684E-004  -2.0387845521473185E-004
         200   1999.9999305416911       -8.4365672818344722E-005   1.1814026112008994E-004  -2.0250593393843466E-004
         201   2009.9999301943994       -8.4350175260597624E-005   1.1668936150205544E-004  -2.0103953676265307E-004
         202   2019.9999298471078       -8.4340062420607686E-005   1.1534003048023432E-004  -1.9968009290084201E-004
         203   2029.9999294998165       -8.4333644473776477E-005   1.1422575847316090E-004  -1.9855940294693738E-004
         204   2039.9999291525248       -8.4329659273136963E-005   1.1343165539626289E-004  -1.9776131466939985E-004
         205   2049.9999288052331       -8.4327223512595592E-005   1.1301076192718414E-004  -1.9733798543977973E-004
         206   2059.9999284579417       -8.4325742026803842E-005   1.1299572012198298E-004  -1.9732146214878683E-004
         207   2069.9999281106502       -8.4324824141653591E-005   1.1340673664792691E-004  -1.9773156078958050E-004
         208   2079.9999277633588       -8.4324219625149380E-005   1.1425684854888372E-004  -1.9858106817403310E-004
         209   2089.9999274160668       -8.4323773719563095E-005   1.1555531126454642E-004  -1.9987908498410951E-004
         210   2099.9999270687754       -8.4323397252955573E-005   1.1730970150793823E-004  -2.0163309876089380E-004
         211   2109.9999267214839       -8.4323047789317695E-005   1.1952713577689257E-004  -2.0385018356621027E-004
         212   2119.9999263741925       -8.4322718718970850E-005   1.2221486044423650E-004  -2.0653757916320735E-004
         213   2129.9999260269010       -8.4322434254979019E-005   1.2538036356092959E-004  -2.0970279781590861E-004
         214   2139.9999256796091       -8.4322249278264056E-005   1.2903107924995208E-004  -2.1335332852821613E-004
         215   2149.9999253323181       -8.4322253913578189E-005   1.3317369032576082E-004  -2.1749594423933901E-004
         216   2159.9999249850262       -8.4322583790169726E-005   1.3781297092146661E-004  -2.2213555471163634E-004
         217   2169.9999246377347       -8.4323438401767714E-005   1.4295003370653692E-004  -2.2727347210830463E-004
         218   2179.9999242904432       -8.4325112164811567E-005   1.4857973558630788E-004  -2.3290484775111944E-004
         219   2189.9999239431518       -8.4328046016476731E-005   1.5468682196120975E-004  -2.3901486797768648E-004
         220   2199.9999235958603       -8.4332911691461994E-005   1.6124011047828675E-004  -2.4557302216974875E-004
         221   2209.9999232485684       -8.4340744750441082E-005   1.6818358008952635E-004  -2.5252432483996744E-004
         222   2219.9999229012769       -8.4353140235884629E-005   1.7542261086852631E-004  -2.5977575110441094E-004
         223   2229.9999225539855       -8.4372499212048772E-005   1.8280290971763917E-004  -2.6717540892968794E-004
         224   2239.9999222066940       -8.4402221219984438E-005   1.9007936418290213E-004  -2.7448158540288657E-004
         225   2249.9999218594021       -8.4446480839851128E-005   1.9687380092686283E-004  -2.8132028176671396E-004
         226   2259.9999215121106       -8.4508653074431405E-005   2.0262846843877057E-004  -2.8713712151320198E-004
         227   2269.9999211648192       -8.4586538925561072E-005   2.0658426118743247E-004  -2.9117080011299354E-004
         228   2279.9999208175277       -8.4662349047534498E-005   2.0785958947950426E-004  -2.9252193852703876E-004
         229   2289.9999204702362       -8.4690512928742534E-005   2.0576822856834700E-004  -2.9045874149708954E-004
         230   2299.9999201229443       -8.4604752186129658E-005   2.0049578311418856E-004  -2.8510053530031822E-004
         231   2309.9999197756533       -8.4384113009920063E-005   1.9390977577148788E-004  -2.7829388878140794E-004
         232   2319.9999194283614       -8.4151653585294096E-005   1.8954353806838772E-004  -2.7369519165368182E-004
         233   2329.9999190810699       -8.4117109295226767E-005   1.9073479123888926E-004  -2.7485190053411603E-004
         234   2339.9999187337785       -8.4318060009024281E-005   1.9798113034115076E-004  -2.8229919035017504E-004
         235   2349.9999183864870       -8.4560695054267495E-005   2.0850106487060651E-004  -2.9306175992487401E-004
         236   2359.9999180391956       -8.4667112677575055E-005   2.1863797242835720E-004  -3.0330508510593225E-004
         237   2369.9999176919036       -8.4614615715545172E-005   2.2634813589501250E-004  -3.1096275161055767E-004
         238   2379.9999173446122       -8.4475160820843032E-005   2.3180301121518586E-004  -3.1627817203602889E-004
         239   2389.9999169973207       -8.4339486393606198E-005   2.3653726076284135E-004  -3.2087674715644755E-004
         240   2399.9999166500293       -8.4275278494963990E-005   2.4219145763233497E-004  -3.2646673612729896E-004
         241   2409.9999163027373       -8.4298502439909785E-005   2.4955369927154346E-004  -3.3385220171145325E-004
         242   2419.9999159554459       -8.4378283447953068E-005   2.5829199289560559E-004  -3.4267027634355866E-004
         243   2429.9999156081544       -8.4479914410871284E-005   2.6730275266485852E-004  -3.5178266707572981E-004
         244   2439.9999152608630       -8.4603398912943249E-005   2.7514956820086795E-004  -3.5975296711381120E-004
         245   2449.9999149135715       -8.4789809429846707E-005   2.8009984534553241E-004  -3.6488965477537912E-004
         246   2459.9999145662796       -8.5096119435792202E-005   2.7968266377227316E-004  -3.6477878320806536E-004
         247   2469.9999142189886       -8.5504954288622326E-005   2.7024368759081570E-004  -3.5574864187943803E-004
         248   2479.9999138716967       -8.5686728883187712E-005   2.4804423374391268E-004  -3.3373096262710039E-004
         249   2489.9999135244052       -8.4873214401229584E-005   2.1480599721402391E-004  -2.9967921161525349E-004
         250   2499.9999131771137       -8.3180853464731721E-005   1.8597052676723965E-004  -2.6915138023197137E-004
         251   2509.9999128298223       -8.3013016132426612E-005   1.8379077162776415E-004  -2.6680378776019077E-004
         252   2519.9999124825308       -8.4653589912775628E-005   2.1026808253024444E-004  -2.9492167244302007E-004
         253   2529.9999121352389       -8.5618101775123247E-005   2.4440687510292807E-004  -3.3002497687805132E-004
         254   2539.9999117879474       -8.5496310221483006E-005   2.6914673382428920E-004  -3.5464304404577221E-004
         255   2549.9999114406560       -8.5068218675563977E-005   2.8164105760116668E-004  -3.6670927627673066E-004
         256   2559.9999110933645       -8.4731582470276329E-005   2.8557234084438044E-004  -3.7030392331465677E-004
         257   2569.9999107460726       -8.4535998926973748E-005   2.8482157386858838E-004  -3.6935757279556213E-004
         258   2579.9999103987816       -8.4435844342878384E-005   2.8184826831295369E-004  -3.6628411265583207E-004
         259   2589.9999100514897       -8.4385572826535201E-005   2.7794607709731312E-004  -3.6233164992384833E-004
         260   2599.9999097041982       -8.4356254687577943E-005   2.7376202479842822E-004  -3.5811827948600616E-004
         261   2609.9999093569068       -8.4333362686009284E-005   2.6966836684220156E-004  -3.5400172952821085E-004
         262   2619.9999090096153       -8.4312715071582149E-005   2.6595798592069615E-004  -3.5027070099227830E-004
         263   2629.9999086623238       -8.4296196547989941E-005   2.6290490294727658E-004  -3.4720109949526652E-004
         264   2639.9999083150319       -8.4286762521848600E-005   2.6074497589669715E-004  -3.4503173841854575E-004
         265   2649.9999079677405       -8.4284371203468145E-005   2.5964029250344188E-004  -3.4392466370691002E-004
         266   2659.9999076204490       -8.4285569083993224E-005   2.5967690271978897E-004  -3.4396247180378220E-004
         267   2669.9999072731575       -8.4286936294165069E-005   2.6090045472046403E-004  -3.4518739101462910E-004
         268   2679.9999069258661       -8.4289014520401732E-005   2.6334854784384467E-004  -3.4763756236424640E-004
         269   2689.9999065785742       -8.4297041513057256E-005   2.6703370057730463E-004  -3.5133074209036188E-004
         270   2699.9999062312831       -8.4318222108732991E-005   2.7187003799192759E-004  -3.5618826010066059E-004
         271   2709.9999058839912       -8.4358772588462587E-005   2.7757905004471047E-004  -3.6193782263317306E-004
         272   2719.9999055366998       -8.4424036791329250E-005   2.8361240006341895E-004  -3.6803643685474820E-004
         273   2729.9999051894079       -8.4521187075782382E-005   2.8909335725837081E-004  -3.7361454433415320E-004
         274   2739.9999048421168       -8.4658672239317477E-005   2.9275350494031025E-004  -3.7741217717962772E-004
         275   2749.9999044948249       -8.4831017071735737E-005   2.9290244697519210E-004  -3.7773346404692783E-004
         276   2759.9999041475335       -8.4975384312917690E-005   2.8768600020523687E-004  -3.7266138451815456E-004
         277   2769.9999038002420       -8.4919643955457512E-005   2.7621609606422198E-004  -3.6113574001967949E-004
         278   2779.9999034529505       -8.4476958924251360E-005   2.6093007615513150E-004  -3.4540703507938286E-004
         279   2789.9999031056591       -8.3865711786062298E-005   2.4920784935178545E-004  -3.3307356113784775E-004
         280   2799.9999027583672       -8.3801184827002003E-005   2.4943034595240732E-004  -3.3323153077940932E-004
         281   2809.9999024110757       -8.4444244067862471E-005   2.6245436715345983E-004  -3.4689861122132231E-004
         282   2819.9999020637842       -8.5108208782503139E-005   2.7990700902410333E-004  -3.6501521780660646E-004
         283   2829.9999017164928       -8.5350823871347108E-005   2.9214259369233592E-004  -3.7749341756368302E-004
         284   2839.9999013692013       -8.5194518518555157E-005   2.9486879274051873E-004  -3.8006331125907389E-004
         285   2849.9999010219094       -8.4733115249731772E-005   2.9002341252291197E-004  -3.7475652777264375E-004
         286   2859.9999006746184       -8.4159042185595612E-005   2.8423361580426712E-004  -3.6839265798986273E-004
         287   2869.9999003273265       -8.3883269949096371E-005   2.8533249082309366E-004  -3.6921576077219003E-004
         288   2879.9998999800350       -8.4104831417129093E-005   2.9690146494647062E-004  -3.8100629636359971E-004
         289   2889.9998996327431       -8.4497081750312521E-005   3.1591204197626291E-004  -4.0040912372657543E-004
         290   2899.9998992854521       -8.4707264021750969E-005   3.3651324584263849E-004  -4.2122050986438946E-004
         291   2909.9998989381602       -8.4707513642225867E-005   3.5475182903389383E-004  -4.3945934267611969E-004
         292   2919.9998985908687       -8.4621630565542654E-005   3.6962403953469077E-004  -4.5424567010023343E-004
         293   2929.9998982435773       -8.4544708470678969E-005   3.8171619471972151E-004  -4.6626090319040048E-004
         294   2939.9998978962858       -8.4518204112131934E-005   3.9182823404304606E-004  -4.7634643815517799E-004
         295   2949.9998975489943       -8.4561205923528750E-005   4.0025922485155071E-004  -4.8482043077507946E-004
         296   2959.9998972017024       -8.4697463339198828E-005   4.0646881690601137E-004  -4.9116628024521020E-004
         297   2969.9998968544110       -8.4963067557761217E-005   4.0877248287587997E-004  -4.9373555043364119E-004
         298   2979.9998965071195       -8.5373024203502996E-005   4.0402776352280932E-004  -4.8940078772631232E-004
         299   2989.9998961598280       -8.5813982125204310E-005   3.8790035976001344E-004  -4.7371434188521775E-004
         300   2999.9998958125366       -8.5943598704630632E-005   3.5711291952482069E-004  -4.4305651822945132E-004
         301   3009.9998954652447       -8.5402851612936630E-005   3.1433003996259463E-004  -3.9973289157553126E-004
         302   3019.9998951179537       -8.4210217966989166E-005   2.7249721809168779E-004  -3.5670743605867696E-004
         303   3029.9998947706617       -8.3365077583085151E-005   2.5215074349954202E-004  -3.3551582108262717E-004
         304   3039.9998944233703       -8.4719283802520411E-005   2.6358922428157877E-004  -3.4830850808409918E-004
         305   3049.9998940760784       -8.6389010945734528E-005   2.8939281375598146E-004  -3.7578182470171599E-004
         306   3059.9998937287874       -8.6021845911035211E-005   3.0626518085652421E-004  -3.9228702676755942E-004
         307   3069.9998933814954       -8.5019304343907098E-005   3.1256871838656046E-004  -3.9758802273046756E-004
         308   3079.9998930342040       -8.4863897942169747E-005   3.1710562934937213E-004  -4.0196952729154188E-004
         309   3089.9998926869125       -8.5132047078716980E-005   3.2106238560451967E-004  -4.0619443268323665E-004
         310   3099.9998923396211       -8.5125412895668471E-005   3.2007161282811286E-004  -4.0519702572378133E-004
         311   3109.9998919923296       -8.4847792285222870E-005   3.1252739330657069E-004  -3.9737518559179356E-004
         312   3119.9998916450377       -8.4543007926397352E-005   3.0078778354078245E-004  -3.8533079146717980E-004
         313   3129.9998912977462       -8.4353226748902759E-005   2.8826440753173768E-004  -3.7261763428064043E-004
         314   3139.9998909504548       -8.4295536454486429E-005   2.7722425203237068E-004  -3.6151978848685711E-004
         315   3149.9998906031633       -8.4317634839123042E-005   2.6829190146719119E-004  -3.5260953630631423E-004
         316   3159.9998902558718       -8.4358240639144009E-005   2.6101203698180545E-004  -3.4537027762094946E-004
         317   3169.9998899085799       -8.4383332595068831E-005   2.5463964821775565E-004  -3.3902298081282448E-004
         318   3179.9998895612885       -8.4387602204757256E-005   2.4863091240616544E-004  -3.3301851461092270E-004
         319   3189.9998892139970       -8.4379267140913299E-005   2.4275573043783876E-004  -3.2713499757875206E-004
         320   3199.9998888667060       -8.4367646516129790E-005   2.3700366750403136E-004  -3.2137131402016115E-004
         321   3209.9998885194136       -8.4358445874472198E-005   2.3145380883315687E-004  -3.1581225470762907E-004
         322   3219.9998881721226       -8.4353673458991492E-005   2.2618604966826724E-004  -3.1053972312725873E-004
         323   3229.9998878248311       -8.4352897131445082E-005   2.2124372517232636E-004  -3.0559662230377144E-004
         324   3239.9998874775392       -8.4354436844673769E-005   2.1663294260107174E-004  -3.0098737944574550E-004
         325   3249.9998871302478       -8.4356336453444996E-005   2.1234156033478566E-004  -2.9669789678823065E-004
         326   3259.9998867829559       -8.4357336106162534E-005   2.0836279534468057E-004  -2.9272013145084311E-004
         327   3269.9998864356648       -8.4357863063420121E-005   2.0470876227000851E-004  -2.8906662533342863E-004
         328   3279.9998860883734       -8.4360530262806793E-005   2.0140029083591529E-004  -2.8576082109872208E-004
         329   3289.9998857410815       -8.4369241520219505E-005   1.9842785109754502E-004  -2.8279709261776453E-004
         330   3299.9998853937900       -8.4386485572238737E-005   1.9569825650038022E-004  -2.8008474207261895E-004
         331   3309.9998850464990       -8.4409994635982271E-005   1.9300500951761651E-004  -2.7741500415359878E-004
         332   3319.9998846992071       -8.4431466415103227E-005   1.9006559661797646E-004  -2.7449706303307969E-004
         333   3329.9998843519156       -8.4439663307189891E-005   1.8663850282727264E-004  -2.7107816613446253E-004
         334   3339.9998840046237       -8.4427396807109181E-005   1.8267353652102379E-004  -2.6710093332813297E-004
         335   3349.9998836573322       -8.4397961486041932E-005   1.7840055993201341E-004  -2.6279852141805534E-004
         336   3359.9998833100412       -8.4364517559423589E-005   1.7427603168389258E-004  -2.5864054924331617E-004
         337   3369.9998829627489       -8.4340582919622560E-005   1.7080270742142416E-004  -2.5514329034104672E-004
         338   3379.9998826154579       -8.4330391042062013E-005   1.6834598379009832E-004  -2.5267637483216034E-004
         339   3389.9998822681664       -8.4330130423246422E-005   1.6706570331836661E-004  -2.5139583374161304E-004
         340   3399.9998819208745       -8.4336978748036164E-005   1.6695165719594719E-004  -2.5128863594398336E-004
         341   3409.9998815735835       -8.4352377415271963E-005   1.6785890337334323E-004  -2.5221128078861519E-004
         342   3419.9998812262911       -8.4376283758512557E-005   1.6950122604222900E-004  -2.5387750980074156E-004
         343   3429.9998808790001       -8.4402634545135968E-005   1.7146511752436121E-004  -2.5586775206949718E-004
         344   3439.9998805317086       -8.4422534673073461E-005   1.7329779641070875E-004  -2.5772033108378221E-004
         345   3449.9998801844167       -8.4430325140151595E-005   1.7463288297423819E-004  -2.5906320811438979E-004
         346   3459.9998798371253       -8.4425956780167876E-005   1.7527666789055450E-004  -2.5970262467072238E-004
         347   3469.9998794898343       -8.4413151317064842E-005   1.7521858756212766E-004  -2.5963173887919250E-004
         348   3479.9998791425423       -8.4396460835765337E-005   1.7458511984712888E-004  -2.5898158068289422E-004
         349   3489.9998787952509       -8.4379424938822180E-005   1.7357619503090483E-004  -2.5795561996972701E-004
         350   3499.9998784479590       -8.4364086254697741E-005   1.7241195492549596E-004  -2.5677604118019370E-004
         351   3509.9998781006675       -8.4351262389224124E-005   1.7129941348933338E-004  -2.5565067587855750E-004
         352   3519.9998777533765       -8.4341017092936913E-005   1.7041690001427161E-004  -2.5475791710720852E-004
         353   3529.9998774060841       -8.4333060774224216E-005   1.6991022729116685E-004  -2.5424328806539106E-004
         354   3539.9998770587931       -8.4327017703491648E-005   1.6989488587905964E-004  -2.5422190358255129E-004
         355   3549.9998767115017       -8.4322586955959975E-005   1.7046023063803958E-004  -2.5478281759399956E-004
         356   3559.9998763642097       -8.4319645685998257E-005   1.7167312393396398E-004  -2.5599276961996224E-004
         357   3569.9998760169187       -8.4318340208292989E-005   1.7357938598809171E-004  -2.5789772619638470E-004
         358   3579.9998756696264       -8.4319204283241219E-005   1.7620166089896589E-004  -2.6052086518220711E-004
         359   3589.9998753223354       -8.4323341323346566E-005   1.7953201645800839E-004  -2.6385535778135496E-004
         360   3599.9998749750439       -8.4332703551857132E-005   1.8351682807750180E-004  -2.6784953162935893E-004
         361   3609.9998746277520       -8.4350475714391616E-005   1.8803039355760968E-004  -2.7238086927200130E-004
         362   3619.9998742804605       -8.4381462803724587E-005   1.9283285612603846E-004  -2.7721431892976304E-004
         363   3629.9998739331695       -8.4432034912263436E-005   1.9750937563523476E-004  -2.8194141054749820E-004
         364   3639.9998735858776       -8.4508281611433105E-005   2.0139686013855173E-004  -2.8590514174998483E-004
         365   3649.9998732385861       -8.4609271365538631E-005   2.0353553922765360E-004  -2.8814481059319223E-004
         366   3659.9998728912942       -8.4710984733030544E-005   2.0275704655974407E-004  -2.8746803129277461E-004
         367   3669.9998725440028       -8.4743870630915667E-005   1.9813655505347577E-004  -2.8288042568439144E-004
         368   3679.9998721967117       -8.4601764386777763E-005   1.9003627768991057E-004  -2.7463804207668833E-004
         369   3689.9998718494194       -8.4261020035473198E-005   1.8137471660559587E-004  -2.6563573664106907E-004
         370   3699.9998715021284       -8.3950312504661425E-005   1.7741335225956778E-004  -2.6136366476422920E-004
         371   3709.9998711548369       -8.3988130957354616E-005   1.8246387956475410E-004  -2.6645201052210871E-004
         372   3719.9998708075450       -8.4328845511569012E-005   1.9604319495204617E-004  -2.8037204046361518E-004
         373   3729.9998704602540       -8.4637871880205142E-005   2.1339207342690512E-004  -2.9802994530711026E-004
         374   3739.9998701129616       -8.4745858423613255E-005   2.2959294424716652E-004  -3.1433880267077978E-004
         375   3749.9998697656706       -8.4715764324567712E-005   2.4220782553620830E-004  -3.2692358986077601E-004
         376   3759.9998694183791       -8.4664367928943688E-005   2.5092175915427734E-004  -3.3558612708322103E-004
         377   3769.9998690710872       -8.4671419863819469E-005   2.5607277539933235E-004  -3.4074419526315181E-004
         378   3779.9998687237958       -8.4776092749761541E-005   2.5749826838939127E-004  -3.4227436113915281E-004
         379   3789.9998683765048       -8.4972960332957252E-005   2.5400229980515902E-004  -3.3897526013811627E-004
         380   3799.9998680292128       -8.5161261776786601E-005   2.4362609195255276E-004  -3.2878735372933937E-004
         381   3809.9998676819214       -8.5082076152885263E-005   2.2537684368951257E-004  -3.1045891984239784E-004
         382   3819.9998673346295       -8.4504783071046458E-005   2.0264702988835232E-004  -2.8715181295939878E-004
         383   3829.9998669873380       -8.3859755224941759E-005   1.8480397367531891E-004  -2.6866372890026066E-004
         384   3839.9998666400470       -8.4051861471688959E-005   1.8040156614132808E-004  -2.6445342761301704E-004
         385   3849.9998662927546       -8.4860386258123113E-005   1.8704148776261983E-004  -2.7190187402074294E-004
         386   3859.9998659454636       -8.5284011521779304E-005   1.9403252871228759E-004  -2.7931654023406689E-004
         387   3869.9998655981722       -8.5063468051219766E-005   1.9444757325949585E-004  -2.7951104131071562E-004
         388   3879.9998652508802       -8.4584024146475579E-005   1.8986258786596295E-004  -2.7444661201243852E-004
         389   3889.9998649035892       -8.4287180191711352E-005   1.8595006996061767E-004  -2.7023725015232902E-004
         390   3899.9998645562978       -8.4317036908872889E-005   1.8643540220758550E-004  -2.7075243911645839E-004
         391   3909.9998642090059       -8.4491145177943412E-005   1.9082680892827393E-004  -2.7531795410621734E-004
         392   3919.9998638617144       -8.4605866180141495E-005   1.9638937282030367E-004  -2.8099523900044517E-004
         393   3929.9998635144225       -8.4618725376647239E-005   2.0085442248935802E-004  -2.8547314786600526E-004
         394   3939.9998631671310       -8.4576248941330411E-005   2.0333088740721999E-004  -2.8790713634855040E-004
         395   3949.9998628198400       -8.4520975447721630E-005   2.0387676405278740E-004  -2.8839773950050903E-004
         396   3959.9998624725481       -8.4470531298221465E-005   2.0291575833489853E-004  -2.8738628963311999E-004
         397   3969.9998621252566       -8.4428646516938833E-005   2.0093153509725460E-004  -2.8536018161419343E-004
         398   3979.9998617779652       -8.4395048400869190E-005   1.9836715768286134E-004  -2.8276220608373053E-004
         399   3989.9998614306733       -8.4369011639146913E-005   1.9560079421012639E-004  -2.7996980584927330E-004
         400   3999.9998610833823       -8.4349901927555646E-005   1.9293906541744288E-004  -2.7728896734499853E-004
         401   4009.9998607360899       -8.4337124221461895E-005   1.9061440784660480E-004  -2.7495153206806669E-004
         402   4019.9998603887989       -8.4330167276530410E-005   1.8878503125783604E-004  -2.7311519853436645E-004
         403   4029.9998600415074       -8.4328745016590598E-005   1.8753613172497061E-004  -2.7186487674156121E-004
         404   4039.9998596942155       -8.4332935186446761E-005   1.8687992504146114E-004  -2.7121286022790790E-004
         405   4049.9998593469245       -8.4343255088896988E-005   1.8675218615367685E-004  -2.7109544124257384E-004
         406   4059.9998589996330       -8.4360630230291903E-005   1.8700406773926678E-004  -2.7136469796955868E-004
         407   4069.9998586523411       -8.4386180733978335E-005   1.8738982613275725E-004  -2.7177600686673558E-004
         408   4079.9998583050497       -8.4420684906202968E-005   1.8755412008987645E-004  -2.7197480499607942E-004
         409   4089.9998579577577       -8.4463510931560062E-005   1.8702762645999983E-004  -2.7149113739155989E-004
         410   4099.9998576104663       -8.4510824660338324E-005   1.8524755306061747E-004  -2.6975837772095579E-004
         411   4109.9998572631748       -8.4553205453486813E-005   1.8162926609307313E-004  -2.6618247154655994E-004
         412   4119.9998569158834       -8.4573844163489387E-005   1.7572060856908139E-004  -2.6029445273257078E-004
         413   4129.9998565685919       -8.4550575086093758E-005   1.6745498986011706E-004  -2.5200556494621082E-004
         414   4139.9998562213004       -8.4466830330228186E-005   1.5745504896939676E-004  -2.4192187929962495E-004
         415   4149.9998558740090       -8.4332502705142872E-005   1.4721303979346642E-004  -2.3154554249860929E-004
         416   4159.9998555267175       -8.4198882359207139E-005   1.3886851533733644E-004  -2.2306739769654358E-004
         417   4169.9998551794251       -8.4137425673649105E-005   1.3443862164682390E-004  -2.1857604732047301E-004
         418   4179.9998548321337       -8.4183481298354107E-005   1.3483710860245793E-004  -2.1902058990081204E-004
         419   4189.9998544848431       -8.4304977376296647E-005   1.3940171915672128E-004  -2.2370669653301792E-004
         420   4199.9998541375508       -8.4434998799996037E-005   1.4631218732401205E-004  -2.3074718612400808E-004
         421   4209.9998537902593       -8.4523771924106670E-005   1.5350904402053016E-004  -2.3803281594463683E-004
         422   4219.9998534429678       -8.4557874969377656E-005   1.5944054814285606E-004  -2.4399842311223372E-004
         423   4229.9998530956764       -8.4548798974917332E-005   1.6332813176323714E-004  -2.4787693073815447E-004
         424   4239.9998527483849       -8.4515542207998158E-005   1.6505696285417458E-004  -2.4957250506217274E-004
         425   4249.9998524010925       -8.4474133507036662E-005   1.6492373064739429E-004  -2.4939786415443095E-004
         426   4259.9998520538020       -8.4434503877461577E-005   1.6340233473895158E-004  -2.4783683861641316E-004
         427   4269.9998517065105       -8.4401274175072057E-005   1.6098703080334354E-004  -2.4538830497841560E-004
         428   4279.9998513592182       -8.4375658564612055E-005   1.5811112924376486E-004  -2.4248678780837692E-004
         429   4289.9998510119276       -8.4357140117221420E-005   1.5511776756355167E-004  -2.3947490768077309E-004
         430   4299.9998506646361       -8.4344566059124058E-005   1.5225927806976084E-004  -2.3660384412888490E-004
         431   4309.9998503173438       -8.4336740220680338E-005   1.4970871223028074E-004  -2.3404545245096108E-004
         432   4319.9998499700523       -8.4332689935156673E-005   1.4757407988915151E-004  -2.3190676982430818E-004
         433   4329.9998496227608       -8.4331754685498383E-005   1.4591071862741446E-004  -2.3024247331291284E-004
         434   4339.9998492754694       -8.4333586687571321E-005   1.4473002985534322E-004  -2.2906361654291454E-004
         435   4349.9998489281779       -8.4338104039274095E-005   1.4400431290032705E-004  -2.2834241693960115E-004
         436   4359.9998485808865       -8.4345399179092633E-005   1.4366829362116314E-004  -2.2801369280025578E-004
         437   4369.9998482335950       -8.4355575099754021E-005   1.4361873684902188E-004  -2.2797431194877590E-004
         438   4379.9998478863035       -8.4368459423768291E-005   1.4371468833415419E-004  -2.2808314775792248E-004
         439   4389.9998475390112       -8.4383148898468230E-005   1.4378268567708904E-004  -2.2816583457555727E-004
         440   4399.9998471917206       -8.4397412107391179E-005   1.4363353321974855E-004  -2.2803094532713973E-004
         441   4409.9998468444282       -8.4407205602229381E-005   1.4309862057562214E-004  -2.2750582617785153E-004
         442   4419.9998464971368       -8.4406969054592353E-005   1.4209081783320837E-004  -2.2649778688780072E-004
         443   4429.9998461498453       -8.4391681772426152E-005   1.4068230287775623E-004  -2.2507398465018239E-004
         444   4439.9998458025539       -8.4360998387050887E-005   1.3916682115538206E-004  -2.2352781954243294E-004
         445   4449.9998454552624       -8.4323227573100662E-005   1.3804923848863214E-004  -2.2237246606173280E-004
         446   4459.9998451079709       -8.4294096841604861E-005   1.3791541409172950E-004  -2.2220951093333436E-004
         447   4469.9998447606795       -8.4287606933341504E-005   1.3920926713612258E-004  -2.2349687406946408E-004
         448   4479.9998444133880       -8.4305433975946772E-005   1.4204115617269536E-004  -2.2634659014864213E-004
         449   4489.9998440660966       -8.4335953177048709E-005   1.4616193907662404E-004  -2.3049789225367275E-004
         450   4499.9998437188042       -8.4364146225482834E-005   1.5111555802266245E-004  -2.3547970424814529E-004
         451   4509.9998433715136       -8.4381846123059655E-005   1.5644681990074018E-004  -2.4082866602379984E-004
         452   4519.9998430242213       -8.4389998939206752E-005   1.6182881252034415E-004  -2.4621881145955090E-004
         453   4529.9998426769298       -8.4394567796799113E-005   1.6706944207490288E-004  -2.5146400987170200E-004
         454   4539.9998423296383       -8.4401833588447625E-005   1.7204284708288058E-004  -2.5644468067132821E-004
         455   4549.9998419823469       -8.4416191633669463E-005   1.7660831437084210E-004  -2.6102450600451157E-004
         456   4559.9998416350554       -8.4440001056119166E-005   1.8055150633158713E-004  -2.6499150738770630E-004
         457   4569.9998412877640       -8.4473603328593007E-005   1.8355590735643309E-004  -2.6802951068502609E-004
         458   4579.9998409404725       -8.4513932505066663E-005   1.8520879398374056E-004  -2.6972272648880723E-004
         459   4589.9998405931810       -8.4551454487101881E-005   1.8506290861261264E-004  -2.6961436309971452E-004
         460   4599.9998402458887       -8.4567895987098526E-005   1.8279175983250930E-004  -2.6735965581960782E-004
         461   4609.9998398985981       -8.4541534524027866E-005   1.7845207931766125E-004  -2.6299361384168912E-004
         462   4619.9998395513066       -8.4466840796318800E-005   1.7275157463579903E-004  -2.5721841543211783E-004
         463   4629.9998392040143       -8.4376655838772036E-005   1.6705017373322832E-004  -2.5142682957200036E-004
         464   4639.9998388567228       -8.4326594171582424E-005   1.6286164050728779E-004  -2.4718823467887021E-004
         465   4649.9998385094323       -8.4332694123388167E-005   1.6112645690011392E-004  -2.4545915102350209E-004
         466   4659.9998381621399       -8.4348161658703337E-005   1.6199873781189253E-004  -2.4634689947059587E-004
         467   4669.9998378148484       -8.4336327051308385E-005   1.6536138362294501E-004  -2.4969771067425339E-004
         468   4679.9998374675570       -8.4332668500924462E-005   1.7123264138806519E-004  -2.5556530988898966E-004
         469   4689.9998371202655       -8.4392075867106787E-005   1.7938022790371877E-004  -2.6377230377082556E-004
         470   4699.9998367729740       -8.4507378165876701E-005   1.8872033855886781E-004  -2.7322771672474451E-004
         471   4709.9998364256817       -8.4622731844588448E-005   1.9742282103114077E-004  -2.8204555287572922E-004
         472   4719.9998360783911       -8.4698876836132017E-005   2.0362941451329523E-004  -2.8832829134942724E-004
         473   4729.9998357310997       -8.4732553623011165E-005   2.0603774298660427E-004  -2.9077029660961543E-004
         474   4739.9998353838073       -8.4730368180710214E-005   2.0404649041540129E-004  -2.8877685859611150E-004
         475   4749.9998350365158       -8.4684563231449372E-005   1.9773221547799707E-004  -2.8241677870944644E-004
         476   4759.9998346892244       -8.4575574546343643E-005   1.8795823526005921E-004  -2.7253380980640286E-004
         477   4769.9998343419329       -8.4403225539676384E-005   1.7656791293412801E-004  -2.6097113847380440E-004
         478   4779.9998339946414       -8.4222879760550279E-005   1.6624643738649897E-004  -2.5046931714704925E-004
         479   4789.9998336473500       -8.4131394375264445E-005   1.5964806305699062E-004  -2.4377945743225506E-004
         480   4799.9998333000585       -8.4183752849495598E-005   1.5807334035380956E-004  -2.4225709320330516E-004
         481   4809.9998329527671       -8.4333154394533989E-005   1.6075631876464407E-004  -2.4508947315917805E-004
         482   4819.9998326054747       -8.4479816835835234E-005   1.6546852609310874E-004  -2.4994834292894398E-004
         483   4829.9998322581841       -8.4558905464373631E-005   1.6986363287932062E-004  -2.5442253834369425E-004
         484   4839.9998319108918       -8.4566489096812560E-005   1.7245493964656517E-004  -2.5702142874337773E-004
         485   4849.9998315636003       -8.4530484460841132E-005   1.7279052772352970E-004  -2.5732101218437083E-004
         486   4859.9998312163088       -8.4479568999122655E-005   1.7112815880363289E-004  -2.5560772780275554E-004
         487   4869.9998308690174       -8.4431196020178894E-005   1.6803372983311226E-004  -2.5246492585329116E-004
         488   4879.9998305217259       -8.4392439419322870E-005   1.6410800962575963E-004  -2.4850044904508250E-004
         489   4889.9998301744345       -8.4364305551470323E-005   1.5985825405583185E-004  -2.4422255960730217E-004
         490   4899.9998298271430       -8.4345225421460273E-005   1.5566387544890638E-004  -2.4000910087036665E-004
         491   4909.9998294798515       -8.4332997622469882E-005   1.5178683613646736E-004  -2.3611983375893724E-004
         492   4919.9998291325592       -8.4325627578399733E-005   1.4839660942402624E-004  -2.3272223700242597E-004
         493   4929.9998287852686       -8.4321584563360385E-005   1.4559542217775293E-004  -2.2991700674111331E-004
         494   4939.9998284379772       -8.4319810512269730E-005   1.4343858726262657E-004  -2.2775839777489630E-004
         495   4949.9998280906848       -8.4319649949125787E-005   1.4194893589031612E-004  -2.2626858583944191E-004
         496   4959.9998277433933       -8.4320773469782830E-005   1.4112590259979940E-004  -2.2544667606958223E-004
         497   4969.9998273961028       -8.4323119229791322E-005   1.4095014522350578E-004  -2.2527326445329711E-004
         498   4979.9998270488104       -8.4326854751957925E-005   1.4138446069731611E-004  -2.2571131544927404E-004
         499   4989.9998267015189       -8.4332349562260653E-005   1.4237155663904982E-004  -2.2670390620131047E-004
         500   4999.9998263542275       -8.4340138335455608E-005   1.4382916354187172E-004  -2.2816930187732732E-004
