 # step, time, energy, kin_ener, pot_ener
           0   0.0000000000000000       -2.0733394087757930E-004   0.0000000000000000       -2.0733394087757930E-004
           1   9.9999996527084551       -2.0733394062054576E-004   8.7863898775692294E-009  -2.0734272701042333E-004
           2   19.999999305416910       -2.0733393984926330E-004   3.5149672411245820E-008  -2.0736908952167455E-004
           3   29.999998958125367       -2.0733393856318575E-004   7.9102189199343182E-008  -2.0741304075238510E-004
           4   39.999998610833821       -2.0733393676140624E-004   1.4066451921323234E-007  -2.0747460128061948E-004
           5   49.999998263542281       -2.0733393444265989E-004   2.1986549322165625E-007  -2.0755379993588156E-004
           6   59.999997916250734       -2.0733393160533091E-004   3.1674221391019577E-007  -2.0765067381924111E-004
           7   69.999997568959188       -2.0733392824745926E-004   4.3134008161976673E-007  -2.0776526832907904E-004
           8   79.999997221667641       -2.0733392436674989E-004   5.6371282560404888E-007  -2.0789763719235394E-004
           9   89.999996874376095       -2.0733391996058520E-004   7.1392254068006209E-007  -2.0804784250126525E-004
          10   99.999996527084562       -2.0733391502603739E-004   8.8203972911827544E-007  -2.0821595475515567E-004
          11   109.99999617979302       -2.0733390955988623E-004   1.0681433475882322E-006  -2.0840205290747446E-004
          12   119.99999583250147       -2.0733390355863617E-004   1.2723208589421841E-006  -2.0860622441757837E-004
          13   129.99999548520992       -2.0733389701854072E-004   1.4946682885821715E-006  -2.0882856530712290E-004
          14   139.99999513791838       -2.0733388993562549E-004   1.7352902851147325E-006  -2.0906918022074023E-004
          15   149.99999479062683       -2.0733388230571878E-004   1.9943001849514225E-006  -2.0932818249067020E-004
          16   159.99999444333528       -2.0733387412448477E-004   2.2718200804618498E-006  -2.0960569420494662E-004
          17   169.99999409604374       -2.0733386538746162E-004   2.5679808912282085E-006  -2.0990184627868983E-004
          18   179.99999374875219       -2.0733385609010487E-004   2.8829224378855864E-006  -2.1021677852799044E-004
          19   189.99999340146064       -2.0733384622783691E-004   3.2167935179595710E-006  -2.1055063974579648E-004
          20   199.99999305416912       -2.0733383579610380E-004   3.5697519830310163E-006  -2.1090358777913482E-004
          21   209.99999270687758       -2.0733382479043831E-004   3.9419648164659909E-006  -2.1127578960690430E-004
          22   219.99999235958603       -2.0733381320653277E-004   4.3336082108457135E-006  -2.1166742141737847E-004
          23   229.99999201229448       -2.0733380104032056E-004   4.7448676441153066E-006  -2.1207866868443585E-004
          24   239.99999166500294       -2.0733378828806888E-004   5.1759379533397752E-006  -2.1250972624140867E-004
          25   249.99999131771139       -2.0733377494648329E-004   5.6270234048092217E-006  -2.1296079835129251E-004
          26   259.99999097041984       -2.0733376101282589E-004   6.0983377590706654E-006  -2.1343209877189656E-004
          27   269.99999062312827       -2.0733374648504828E-004   6.5901043292790776E-006  -2.1392385081432736E-004
          28   279.99999027583675       -2.0733373136194220E-004   7.1025560310527869E-006  -2.1443628739299499E-004
          29   289.99998992854518       -2.0733371564330883E-004   7.6359354217854465E-006  -2.1496965106509427E-004
          30   299.99998958125366       -2.0733369933015005E-004   8.1904947271055460E-006  -2.1552419405725559E-004
          31   309.99998923396208       -2.0733368242488261E-004   8.7664958518811990E-006  -2.1610017827676382E-004
          32   319.99998888667056       -2.0733366493158115E-004   9.3642103728393461E-006  -2.1669787530442049E-004
          33   329.99998853937899       -2.0733364685624945E-004   9.9839195094999313E-006  -2.1731756636574938E-004
          34   339.99998819208747       -2.0733362820712724E-004   1.0625914069712678E-005  -2.1795954227683993E-004
          35   349.99998784479590       -2.0733360899503385E-004   1.1290494365621450E-005  -2.1862410336065529E-004
          36   359.99998749750438       -2.0733358923375568E-004   1.1977970095363005E-005  -2.1931155932911867E-004
          37   369.99998715021280       -2.0733356894048007E-004   1.2688660185227062E-005  -2.2002222912570712E-004
          38   379.99998680292128       -2.0733354813628338E-004   1.3422892586355373E-005  -2.2075644072263876E-004
          39   389.99998645562971       -2.0733352684667878E-004   1.4181004019331582E-005  -2.2151453086601035E-004
          40   399.99998610833825       -2.0733350510223014E-004   1.4963339659201973E-005  -2.2229684476143211E-004
          41   409.99998576104667       -2.0733348293924220E-004   1.5770252752560116E-005  -2.2310373569180231E-004
          42   419.99998541375516       -2.0733346040053237E-004   1.6602104157315502E-005  -2.2393556455784788E-004
          43   429.99998506646358       -2.0733343753629748E-004   1.7459261794635744E-005  -2.2479269933093322E-004
          44   439.99998471917206       -2.0733341440508347E-004   1.8342100001291029E-005  -2.2567551440637451E-004
          45   449.99998437188049       -2.0733339107487184E-004   1.9250998769224383E-005  -2.2658438984409624E-004
          46   459.99998402458897       -2.0733336762429491E-004   2.0186342857607014E-005  -2.2751971048190194E-004
          47   469.99998367729739       -2.0733334414399566E-004   2.1148520760898042E-005  -2.2848186490489371E-004
          48   479.99998333000588       -2.0733332073814720E-004   2.2137923514495141E-005  -2.2947124425264234E-004
          49   489.99998298271430       -2.0733329752614988E-004   2.3154943317418152E-005  -2.3048824084356804E-004
          50   499.99998263542278       -2.0733327464452568E-004   2.4199971949092570E-005  -2.3153324659361827E-004
          51   509.99998228813121       -2.0733325224903069E-004   2.5273398954673151E-005  -2.3260665120370384E-004
          52   519.99998194083969       -2.0733323051700745E-004   2.6375609570449426E-005  -2.3370884008745688E-004
          53   529.99998159354811       -2.0733320965000423E-004   2.7506982357683667E-005  -2.3484019200768790E-004
          54   539.99998124625654       -2.0733318987668434E-004   2.8667886509728221E-005  -2.3600107638641255E-004
          55   549.99998089896508       -2.0733317145605565E-004   2.9858678793433325E-005  -2.3719185024948899E-004
          56   559.99998055167350       -2.0733315468104825E-004   3.1079700081674698E-005  -2.3841285476272294E-004
          57   569.99998020438193       -2.0733313988247149E-004   3.2331271429288150E-005  -2.3966441131175964E-004
          58   579.99997985709035       -2.0733312743337985E-004   3.3613689639792597E-005  -2.4094681707317246E-004
          59   589.99997950979889       -2.0733311775387951E-004   3.4927222265015359E-005  -2.4226034001889488E-004
          60   599.99997916250732       -2.0733311131640334E-004   3.6272101974120243E-005  -2.4360521329052357E-004
          61   609.99997881521574       -2.0733310865148291E-004   3.7648520222611113E-005  -2.4498162887409404E-004
          62   619.99997846792417       -2.0733311035403746E-004   3.9056620145694989E-005  -2.4638973049973244E-004
          63   629.99997812063270       -2.0733311709019683E-004   4.0496488594021693E-005  -2.4782960568421852E-004
          64   639.99997777334113       -2.0733312960466221E-004   4.1968147223390023E-005  -2.4930127682805224E-004
          65   649.99997742604955       -2.0733314872859696E-004   4.3471542543690757E-005  -2.5080469127228771E-004
          66   659.99997707875798       -2.0733317538801881E-004   4.5006534826372407E-005  -2.5233971021439123E-004
          67   669.99997673146652       -2.0733321061264039E-004   4.6572885764369526E-005  -2.5390609637700992E-004
          68   679.99997638417494       -2.0733325554506805E-004   4.8170244774129386E-005  -2.5550350031919745E-004
          69   689.99997603688337       -2.0733331145023163E-004   4.9798133826628436E-005  -2.5713144527686005E-004
          70   699.99997568959179       -2.0733337972485223E-004   5.1455930693759684E-005  -2.5878931041861192E-004
          71   709.99997534230033       -2.0733346190669142E-004   5.3142850499045276E-005  -2.6047631240573669E-004
          72   719.99997499500876       -2.0733355968322804E-004   5.4857925468364893E-005  -2.6219148515159294E-004
          73   729.99997464771718       -2.0733367489930108E-004   5.6599982788631019E-005  -2.6393365768793211E-004
          74   739.99997430042561       -2.0733380956311227E-004   5.8367620501759002E-005  -2.6570143006487127E-004
          75   749.99997395313414       -2.0733396584981476E-004   6.0159181389915191E-005  -2.6749314723972995E-004
          76   759.99997360584257       -2.0733414610170440E-004   6.1972724848377429E-005  -2.6930687095008183E-004
          77   769.99997325855099       -2.0733435282378027E-004   6.3805996797405634E-005  -2.7114034962118591E-004
          78   779.99997291125942       -2.0733458867314936E-004   6.5656397757874282E-005  -2.7299098643102364E-004
          79   789.99997256396796       -2.0733485644040220E-004   6.7520949311263270E-005  -2.7485580575166549E-004
          80   799.99997221667650       -2.0733515902069701E-004   6.9396259287805457E-005  -2.7673141830850248E-004
          81   809.99997186938481       -2.0733549937184119E-004   7.1278486182673836E-005  -2.7861398555451504E-004
          82   819.99997152209335       -2.0733588045618523E-004   7.3163303495193431E-005  -2.8049918395137868E-004
          83   829.99997117480177       -2.0733630516263065E-004   7.5045864926777481E-005  -2.8238217008940813E-004
          84   839.99997082751031       -2.0733677620455958E-004   7.6920771666400946E-005  -2.8425754787096051E-004
          85   849.99997048021862       -2.0733729598904028E-004   7.8782043344469689E-005  -2.8611933933350996E-004
          86   859.99997013292716       -2.0733786645232871E-004   8.0623094652498354E-005  -2.8796096110482705E-004
          87   869.99996978563559       -2.0733848885656959E-004   8.2436720110688603E-005  -2.8977520896725819E-004
          88   879.99996943834412       -2.0733916354281803E-004   8.4215090018508726E-005  -2.9155425356132674E-004
          89   889.99996909105244       -2.0733988963624666E-004   8.5949761239580987E-005  -2.9328965087582764E-004
          90   899.99996874376097       -2.0734066470088518E-004   8.7631707138540271E-005  -2.9497237183942547E-004
          91   909.99996839646940       -2.0734148434372668E-004   8.9251371679880277E-005  -2.9659285602360696E-004
          92   919.99996804917794       -2.0734234177185957E-004   9.0798753377958942E-005  -2.9814109514981850E-004
          93   929.99996770188625       -2.0734322731177067E-004   9.2263525394620165E-005  -2.9960675270639082E-004
          94   939.99996735459479       -2.0734412790745480E-004   9.3635198533372326E-005  -3.0097932644082711E-004
          95   949.99996700730321       -2.0734502662373203E-004   9.4903334065079658E-005  -3.0224836068881169E-004
          96   959.99996666001175       -2.0734590219327921E-004   9.6057813095990228E-005  -3.0340371528926943E-004
          97   969.99996631272006       -2.0734672866017190E-004   9.7089168378266562E-005  -3.0443589703843847E-004
          98   979.99996596542860       -2.0734747518847118E-004   9.7988982860881520E-005  -3.0533645804935270E-004
          99   989.99996561813703       -2.0734810612025033E-004   9.8750356661965805E-005  -3.0609846278221612E-004
         100   999.99996527084556       -2.0734858138114325E-004   9.9368440293047113E-005  -3.0671702167419035E-004
         101   1009.9999649235539       -2.0734885733970050E-004   9.9841026699227093E-005  -3.0718988403892760E-004
         102   1019.9999645762624       -2.0734888822511639E-004   1.0016918790200698E-004  -3.0751807612712338E-004
         103   1029.9999642289708       -2.0734862819094939E-004   1.0035793379897647E-004  -3.0770656198992588E-004
         104   1039.9999638816794       -2.0734803407469927E-004   1.0041686126940600E-004  -3.0776489534410526E-004
         105   1049.9999635343877       -2.0734706883980683E-004   1.0036075174401007E-004  -3.0770782058381688E-004
         106   1059.9999631870962       -2.0734570559555009E-004   1.0021006577590864E-004  -3.0755577137145872E-004
         107   1069.9999628398045       -2.0734393197384659E-004   9.9991275246061293E-005  -3.0733520721990790E-004
         108   1079.9999624925131       -2.0734175450940796E-004   9.9736969346847807E-005  -3.0707872385625577E-004
         109   1089.9999621452216       -2.0733920253875792E-004   9.9485671313921025E-005  -3.0682487385267894E-004
         110   1099.9999617979302       -2.0733633103068035E-004   9.9281310862192623E-005  -3.0661764189287297E-004
         111   1109.9999614506385       -2.0733322171808245E-004   9.9172313829026099E-005  -3.0650553554710855E-004
         112   1119.9999611033470       -2.0732998195180624E-004   9.9210296135587197E-005  -3.0654027808739345E-004
         113   1129.9999607560553       -2.0732674086473526E-004   9.9448382985349367E-005  -3.0677512385008461E-004
         114   1139.9999604087639       -2.0732364272471092E-004   9.9939213682404324E-005  -3.0726285640711524E-004
         115   1149.9999600614722       -2.0732083774432426E-004   1.0073273329698003E-004  -3.0805357104130428E-004
         116   1159.9999597141807       -2.0731847104981364E-004   1.0187390898189577E-004  -3.0919238003170941E-004
         117   1169.9999593668892       -2.0731667090907936E-004   1.0340053482589687E-004  -3.1071720573497622E-004
         118   1179.9999590195978       -2.0731553758849630E-004   1.0534129907524893E-004  -3.1265683666374525E-004
         119   1189.9999586723061       -2.0731513427096611E-004   1.0771427759797902E-004  -3.1502941186894513E-004
         120   1199.9999583250146       -2.0731548128229856E-004   1.1052598681570182E-004  -3.1784146809800038E-004
         121   1209.9999579777229       -2.0731655445356924E-004   1.1377108073135462E-004  -3.2108763518492387E-004
         122   1219.9999576304315       -2.0731828786493573E-004   1.1743271620184754E-004  -3.2475100406678328E-004
         123   1229.9999572831398       -2.0732058058527318E-004   1.2148354660592123E-004  -3.2880412719119440E-004
         124   1239.9999569358483       -2.0732330646847276E-004   1.2588724559390175E-004  -3.3321055206237451E-004
         125   1249.9999565885569       -2.0732632569747545E-004   1.3060041763527733E-004  -3.3792674333275278E-004
         126   1259.9999562412654       -2.0732949663978241E-004   1.3557472596175370E-004  -3.4290422260153610E-004
         127   1269.9999558939737       -2.0733268669360547E-004   1.4075906315658739E-004  -3.4809174985019287E-004
         128   1279.9999555466823       -2.0733578111004419E-004   1.4610160352059777E-004  -3.5343738463064196E-004
         129   1289.9999551993908       -2.0733868918956989E-004   1.5155160515542418E-004  -3.5889029434499407E-004
         130   1299.9999548520991       -2.0734134767952581E-004   1.5706086757515442E-004  -3.6440221525468024E-004
         131   1309.9999545048076       -2.0734372156723977E-004   1.6258479143384401E-004  -3.6992851300108378E-004
         132   1319.9999541575160       -2.0734580272309066E-004   1.6808302529113350E-004  -3.7542882801422416E-004
         133   1329.9999538102245       -2.0734760698330032E-004   1.7351971639039302E-004  -3.8086732337369334E-004
         134   1339.9999534629330       -2.0734917028340387E-004   1.7886340611692950E-004  -3.8621257640033337E-004
         135   1349.9999531156416       -2.0735054438684414E-004   1.8408662570689932E-004  -3.9143717009374347E-004
         136   1359.9999527683499       -2.0735179263171698E-004   1.8916525474409125E-004  -3.9651704737580823E-004
         137   1369.9999524210584       -2.0735298597305944E-004   1.9407770568951211E-004  -4.0143069166257155E-004
         138   1379.9999520737667       -2.0735419945202730E-004   1.9880399419958426E-004  -4.0615819365161156E-004
         139   1389.9999517264753       -2.0735550909196866E-004   2.0332474940071629E-004  -4.1068025849268496E-004
         140   1399.9999513791836       -2.0735698911196444E-004   2.0762021250707064E-004  -4.1497720161903507E-004
         141   1409.9999510318921       -2.0735870926235156E-004   2.1166926779280288E-004  -4.1902797705515443E-004
         142   1419.9999506846007       -2.0736073202249535E-004   2.1544854821761275E-004  -4.2280928024010809E-004
         143   1429.9999503373092       -2.0736310935697301E-004   2.1893165988356444E-004  -4.2629476924053745E-004
         144   1439.9999499900175       -2.0736587870315645E-004   2.2208857558578623E-004  -4.2945445428894268E-004
         145   1449.9999496427261       -2.0736905786683537E-004   2.2488525828865386E-004  -4.3225431615548924E-004
         146   1459.9999492954344       -2.0737263854615423E-004   2.2728359026400502E-004  -4.3465622881015925E-004
         147   1469.9999489481429       -2.0737657831025467E-004   2.2924170209710521E-004  -4.3661828040735987E-004
         148   1479.9999486008512       -2.0738079106031882E-004   2.3071481607889736E-004  -4.3809560713921618E-004
         149   1489.9999482535598       -2.0738513633871894E-004   2.3165673752633715E-004  -4.3904187386505610E-004
         150   1499.9999479062683       -2.0738940837084977E-004   2.3202214018746160E-004  -4.3941154855831136E-004
         151   1509.9999475589768       -2.0739332645631402E-004   2.3176979040812691E-004  -4.3916311686444093E-004
         152   1519.9999472116851       -2.0739652926521492E-004   2.3086682854168419E-004  -4.3826335780689911E-004
         153   1529.9999468643937       -2.0739857665467900E-004   2.2929416185691823E-004  -4.3669273851159723E-004
         154   1539.9999465171020       -2.0739896357867412E-004   2.2705290638954696E-004  -4.3445186996822108E-004
         155   1549.9999461698105       -2.0739715111161612E-004   2.2417163340822648E-004  -4.3156878451984260E-004
         156   1559.9999458225188       -2.0739261893100401E-004   2.2071392525606113E-004  -4.2810654418706513E-004
         157   1569.9999454752274       -2.0738494107058338E-004   2.1678543804027324E-004  -4.2417037911085661E-004
         158   1579.9999451279359       -2.0737388174815874E-004   2.1253934470894211E-004  -4.1991322645710085E-004
         159   1589.9999447806442       -2.0735950054366124E-004   2.0817876587799110E-004  -4.1553826642165234E-004
         160   1599.9999444333530       -2.0734224725058874E-004   2.0395469541404116E-004  -4.1129694266462991E-004
         161   1609.9999440860613       -2.0732301902493615E-004   2.0015811749332936E-004  -4.0748113651826551E-004
         162   1619.9999437387696       -2.0730315009117261E-004   1.9710559302646495E-004  -4.0440874311763756E-004
         163   1629.9999433914779       -2.0728431145610761E-004   1.9511858765992385E-004  -4.0240289911603147E-004
         164   1639.9999430441867       -2.0726831682403373E-004   1.9449810713181680E-004  -4.0176642395585053E-004
         165   1649.9999426968950       -2.0725685840880921E-004   1.9549752658198802E-004  -4.0275438499079723E-004
         166   1659.9999423496035       -2.0725122408032901E-004   1.9829746247430151E-004  -4.0554868655463052E-004
         167   1669.9999420023119       -2.0725206338910199E-004   2.0298675914720064E-004  -4.1023882253630263E-004
         168   1679.9999416550206       -2.0725926485472369E-004   2.0955293412929218E-004  -4.1681219898401586E-004
         169   1689.9999413077289       -2.0727197913381523E-004   2.1788382893995247E-004  -4.2515580807376771E-004
         170   1699.9999409604372       -2.0728878152155998E-004   2.2778013489571677E-004  -4.3506891641727674E-004
         171   1709.9999406131456       -2.0730792865627021E-004   2.3897647727663511E-004  -4.4628440593290532E-004
         172   1719.9999402658543       -2.0732764293431965E-004   2.5116738197650192E-004  -4.5849502491082157E-004
         173   1729.9999399185626       -2.0734636010602970E-004   2.6403401893967498E-004  -4.7138037904570468E-004
         174   1739.9999395712712       -2.0736289643601287E-004   2.7726809977572929E-004  -4.8463099621174217E-004
         175   1749.9999392239795       -2.0737652065853815E-004   2.9059042226997053E-004  -4.9796694292850868E-004
         176   1759.9999388766882       -2.0738694141761508E-004   3.0376290393245136E-004  -5.1114984535006644E-004
         177   1769.9999385293966       -2.0739423610916197E-004   3.1659416991100178E-004  -5.2398840602016375E-004
         178   1779.9999381821049       -2.0739875092657902E-004   3.2893963318532746E-004  -5.3633838411190648E-004
         179   1789.9999378348132       -2.0740099741662369E-004   3.4069745961197011E-004  -5.4809845702859380E-004
         180   1799.9999374875219       -2.0740156236197178E-004   3.5180190013576297E-004  -5.5920346249773475E-004
         181   1809.9999371402303       -2.0740103904417893E-004   3.6221531162431965E-004  -5.6961635066849858E-004
         182   1819.9999367929388       -2.0739998107610814E-004   3.7191989933805879E-004  -5.7931988041416693E-004
         183   1829.9999364456471       -2.0739887571035815E-004   3.8090989750947881E-004  -5.8830877321983696E-004
         184   1839.9999360983559       -2.0739813155029146E-004   3.8918462422260920E-004  -5.9658275577290066E-004
         185   1849.9999357510642       -2.0739807522675416E-004   3.9674263443309222E-004  -6.0414070965984638E-004
         186   1859.9999354037725       -2.0739895215257491E-004   4.0357705846161902E-004  -6.1097601061419393E-004
         187   1869.9999350564808       -2.0740092739879052E-004   4.0967214650555967E-004  -6.1707307390435019E-004
         188   1879.9999347091896       -2.0740408374606364E-004   4.1500103008603324E-004  -6.2240511383209688E-004
         189   1889.9999343618979       -2.0740841494805369E-004   4.1952474442384782E-004  -6.2693315937190151E-004
         190   1899.9999340146064       -2.0741381325132733E-004   4.2319261684596317E-004  -6.3060643009729049E-004
         191   1909.9999336673147       -2.0742005140684307E-004   4.2594420001980127E-004  -6.3336425142664435E-004
         192   1919.9999333200235       -2.0742676099889728E-004   4.2771299677329640E-004  -6.3513975777219369E-004
         193   1929.9999329727318       -2.0743341112223416E-004   4.2843226137382977E-004  -6.3586567249606393E-004
         194   1939.9999326254401       -2.0743929435896235E-004   4.2804313780869113E-004  -6.3548243216765348E-004
         195   1949.9999322781489       -2.0744353045792447E-004   4.2650526688267561E-004  -6.3394879734060008E-004
         196   1959.9999319308572       -2.0744510137465488E-004   4.2380971309248267E-004  -6.3125481446713754E-004
         197   1969.9999315835655       -2.0744293285786253E-004   4.1999358722776318E-004  -6.2743652008562570E-004
         198   1979.9999312362741       -2.0743603512500747E-004   4.1515505797029724E-004  -6.2259109309530472E-004
         199   1989.9999308889826       -2.0742370539059726E-004   4.0946660513341618E-004  -6.1689031052401344E-004
         200   1999.9999305416911       -2.0740577590286450E-004   4.0318352136106396E-004  -6.1058929726392846E-004
         201   2009.9999301943994       -2.0738286364650418E-004   3.9664409935557605E-004  -6.0402696300208023E-004
         202   2019.9999298471078       -2.0735654882202798E-004   3.9025803595416856E-004  -5.9761458477619654E-004
         203   2029.9999294998165       -2.0732939252688976E-004   3.8448073254661086E-004  -5.9181012507350062E-004
         204   2039.9999291525248       -2.0730471732241122E-004   3.7977356834169334E-004  -5.8707828566410456E-004
         205   2049.9999288052331       -2.0728612918566075E-004   3.7655363402476147E-004  -5.8383976321042222E-004
         206   2059.9999284579417       -2.0727684861817736E-004   3.7514003586137582E-004  -5.8241688447955317E-004
         207   2069.9999281106502       -2.0727901014142925E-004   3.7570646739952290E-004  -5.8298547754095215E-004
         208   2079.9999277633588       -2.0729313578654401E-004   3.7825006026711390E-004  -5.8554319605365790E-004
         209   2089.9999274160668       -2.0731795428424071E-004   3.8258397215544044E-004  -5.8990192643968114E-004
         210   2099.9999270687754       -2.0735062779126767E-004   3.8835624839698166E-004  -5.9570687618824933E-004
         211   2109.9999267214839       -2.0738731036477296E-004   3.9509172132702342E-004  -6.0247903169179638E-004
         212   2119.9999263741925       -2.0742386213526713E-004   4.0224897640451466E-004  -6.0967283853978179E-004
         213   2129.9999260269010       -2.0745652229694936E-004   4.0928210657753268E-004  -6.1673862887448203E-004
         214   2139.9999256796091       -2.0748239900177090E-004   4.1569742220808645E-004  -6.2317982120985735E-004
         215   2149.9999253323181       -2.0749972499007382E-004   4.2109777258113876E-004  -6.2859749757121258E-004
         216   2159.9999249850262       -2.0750790721418654E-004   4.2521043893852716E-004  -6.3271834615271369E-004
         217   2169.9999246377347       -2.0750743828230851E-004   4.2789756694315209E-004  -6.3540500522546060E-004
         218   2179.9999242904432       -2.0749973515126813E-004   4.2915022807071872E-004  -6.3664996322198685E-004
         219   2189.9999239431518       -2.0748694265116822E-004   4.2906841779634912E-004  -6.3655536044751734E-004
         220   2199.9999235958603       -2.0747170823011424E-004   4.2782996056627481E-004  -6.3530166879638905E-004
         221   2209.9999232485684       -2.0745691712742312E-004   4.2565180859405313E-004  -6.3310872572147625E-004
         222   2219.9999229012769       -2.0744538138658546E-004   4.2274782578411335E-004  -6.3019320717069881E-004
         223   2229.9999225539855       -2.0743949795560803E-004   4.1928778642585435E-004  -6.2672728438146238E-004
         224   2239.9999222066940       -2.0744091797776198E-004   4.1536270084008850E-004  -6.2280361881785048E-004
         225   2249.9999218594021       -2.0745028534851275E-004   4.1096135142567469E-004  -6.1841163677418744E-004
         226   2259.9999215121106       -2.0746709637189313E-004   4.0596187579172141E-004  -6.1342897216361454E-004
         227   2269.9999211648192       -2.0748970388301957E-004   4.0014046108943904E-004  -6.0763016497245861E-004
         228   2279.9999208175277       -2.0751545117294614E-004   3.9319710384400205E-004  -6.0071255501694819E-004
         229   2289.9999204702362       -2.0754089294247965E-004   3.8479645637800062E-004  -5.9233734932048027E-004
         230   2299.9999201229443       -2.0756205847467839E-004   3.7462040272658086E-004  -5.8218246120125925E-004
         231   2309.9999197756533       -2.0757474025997845E-004   3.6242821185047128E-004  -5.7000295211044973E-004
         232   2319.9999194283614       -2.0757483787568613E-004   3.4811953225346345E-004  -5.5569437012914957E-004
         233   2329.9999190810699       -2.0755882684122092E-004   3.3179451440021557E-004  -5.3935334124143649E-004
         234   2339.9999187337785       -2.0752442214103291E-004   3.1380349317548187E-004  -5.2132791531651478E-004
         235   2349.9999183864870       -2.0747143467007476E-004   2.9477603560355034E-004  -5.0224747027362510E-004
         236   2359.9999180391956       -2.0740266561241710E-004   2.7561685858227636E-004  -4.8301952419469346E-004
         237   2369.9999176919036       -2.0732448861870658E-004   2.5745631432733405E-004  -4.6478080294604064E-004
         238   2379.9999173446122       -2.0724664424369698E-004   2.4154840974135219E-004  -4.4879505398504917E-004
         239   2389.9999169973207       -2.0718087110027495E-004   2.2912108136953190E-004  -4.3630195246980685E-004
         240   2399.9999166500293       -2.0713841412741169E-004   2.2119990445580541E-004  -4.2833831858321710E-004
         241   2409.9999163027373       -2.0712706343336816E-004   2.1844162711239914E-004  -4.2556869054576730E-004
         242   2419.9999159554459       -2.0714883039567143E-004   2.2101964174761466E-004  -4.2816847214328609E-004
         243   2429.9999156081544       -2.0719927953837737E-004   2.2859397020872662E-004  -4.3579324974710399E-004
         244   2439.9999152608630       -2.0726884336404359E-004   2.4037506847499808E-004  -4.4764391183904167E-004
         245   2449.9999149135715       -2.0734554389615484E-004   2.5526312866136009E-004  -4.6260867255751493E-004
         246   2459.9999145662796       -2.0741799289049296E-004   2.7202466965958689E-004  -4.7944266255007986E-004
         247   2469.9999142189886       -2.0747762744181223E-004   2.8946361532811507E-004  -4.9694124276992730E-004
         248   2479.9999138716967       -2.0751968589784262E-004   3.0655396750377695E-004  -5.1407365340161958E-004
         249   2489.9999135244052       -2.0754303022414835E-004   3.2251846770677955E-004  -5.3006149793092790E-004
         250   2499.9999131771137       -2.0754926720694815E-004   3.3685410774278419E-004  -5.4440337494973234E-004
         251   2509.9999128298223       -2.0754165684063960E-004   3.4931593375943783E-004  -5.5685759060007743E-004
         252   2519.9999124825308       -2.0752414337151361E-004   3.5987439317679466E-004  -5.6739853654830827E-004
         253   2529.9999121352389       -2.0750065324806643E-004   3.6866034616448893E-004  -5.7616099941255536E-004
         254   2539.9999117879474       -2.0747466521553687E-004   3.7590839075721792E-004  -5.8338305597275479E-004
         255   2549.9999114406560       -2.0744899225927041E-004   3.8190534140882258E-004  -5.8935433366809299E-004
         256   2559.9999110933645       -2.0742570459466502E-004   3.8694758745465584E-004  -5.9437329204932085E-004
         257   2569.9999107460726       -2.0740613925134433E-004   3.9130888792110474E-004  -5.9871502717244907E-004
         258   2579.9999103987816       -2.0739096324228623E-004   3.9521876467549325E-004  -6.0260972791777948E-004
         259   2589.9999100514897       -2.0738027260746629E-004   3.9885076262478479E-004  -6.0623103523225108E-004
         260   2599.9999097041982       -2.0737371617643582E-004   4.0231924264156715E-004  -6.0969295881800297E-004
         261   2609.9999093569068       -2.0737063313445607E-004   4.0568296110557147E-004  -6.1305359424002753E-004
         262   2619.9999090096153       -2.0737019151234522E-004   4.0895345624928622E-004  -6.1632364776163144E-004
         263   2629.9999086623238       -2.0737151397685254E-004   4.1210622523592873E-004  -6.1947773921278127E-004
         264   2639.9999083150319       -2.0737377935877929E-004   4.1509284230171431E-004  -6.2246662166049360E-004
         265   2649.9999079677405       -2.0737629292625888E-004   4.1785250583201551E-004  -6.2522879875827439E-004
         266   2659.9999076204490       -2.0737852404295538E-004   4.2032194545972194E-004  -6.2770046950267732E-004
         267   2669.9999072731575       -2.0738011489307244E-004   4.2244308885451369E-004  -6.2982320374758614E-004
         268   2679.9999069258661       -2.0738086726637759E-004   4.2416830916724210E-004  -6.3154917643361969E-004
         269   2689.9999065785742       -2.0738071562191482E-004   4.2546339919920213E-004  -6.3284411482111694E-004
         270   2699.9999062312831       -2.0737969410076042E-004   4.2630862760661850E-004  -6.3368832170737893E-004
         271   2709.9999058839912       -2.0737790350029115E-004   4.2669833155905152E-004  -6.3407623505934267E-004
         272   2719.9999055366998       -2.0737548215604657E-004   4.2663951139772276E-004  -6.3401499355376933E-004
         273   2729.9999051894079       -2.0737258273759217E-004   4.2614984474280155E-004  -6.3352242748039372E-004
         274   2739.9999048421168       -2.0736935545175104E-004   4.2525545782418647E-004  -6.3262481327593751E-004
         275   2749.9999044948249       -2.0736593715117734E-004   4.2398870258794879E-004  -6.3135463973912613E-004
         276   2759.9999041475335       -2.0736244532046664E-004   4.2238610422139650E-004  -6.2974854954186315E-004
         277   2769.9999038002420       -2.0735897574147009E-004   4.2048657331974267E-004  -6.2784554906121276E-004
         278   2779.9999034529505       -2.0735560269745466E-004   4.1832992298924346E-004  -6.2568552568669812E-004
         279   2789.9999031056591       -2.0735238075394400E-004   4.1595569333434742E-004  -6.2330807408829143E-004
         280   2799.9999027583672       -2.0734934737424505E-004   4.1340226173220405E-004  -6.2075160910644910E-004
         281   2809.9999024110757       -2.0734652584126540E-004   4.1070620405641922E-004  -6.1805272989768462E-004
         282   2819.9999020637842       -2.0734392813937571E-004   4.0790186657843196E-004  -6.1524579471780767E-004
         283   2829.9999017164928       -2.0734155759208334E-004   4.0502110804815748E-004  -6.1236266564024082E-004
         284   2839.9999013692013       -2.0733941115412134E-004   4.0209317437765258E-004  -6.0943258553177392E-004
         285   2849.9999010219094       -2.0733748132592452E-004   3.9914467291183507E-004  -6.0648215423775959E-004
         286   2859.9999006746184       -2.0733575770164134E-004   3.9619961843466434E-004  -6.0353537613630568E-004
         287   2869.9999003273265       -2.0733422818590262E-004   3.9327952817189805E-004  -6.0061375635780067E-004
         288   2879.9998999800350       -2.0733287992555154E-004   3.9040354773648084E-004  -5.9773642766203239E-004
         289   2889.9998996327431       -2.0733170000510976E-004   3.8758859403784438E-004  -5.9492029404295413E-004
         290   2899.9998992854521       -2.0733067595235912E-004   3.8484950458644851E-004  -5.9218018053880763E-004
         291   2909.9998989381602       -2.0732979609542322E-004   3.8219918539070296E-004  -5.8952898148612618E-004
         292   2919.9998985908687       -2.0732904980667589E-004   3.7964875182728582E-004  -5.8697780163396171E-004
         293   2929.9998982435773       -2.0732842766263773E-004   3.7720765854841530E-004  -5.8453608621105303E-004
         294   2939.9998978962858       -2.0732792154324529E-004   3.7488381575542237E-004  -5.8221173729866766E-004
         295   2949.9998975489943       -2.0732752468875792E-004   3.7268369009741049E-004  -5.8001121478616841E-004
         296   2959.9998972017024       -2.0732723172816160E-004   3.7061238911921448E-004  -5.7793962084737608E-004
         297   2969.9998968544110       -2.0732703868917490E-004   3.6867372864714406E-004  -5.7600076733631896E-004
         298   2979.9998965071195       -2.0732694299681207E-004   3.6687028281786547E-004  -5.7419722581467754E-004
         299   2989.9998961598280       -2.0732694346473253E-004   3.6520341667106444E-004  -5.7253036013579697E-004
         300   2999.9998958125366       -2.0732704028119569E-004   3.6367330137980903E-004  -5.7100034166100472E-004
         301   3009.9998954652447       -2.0732723498921015E-004   3.6227891231903255E-004  -5.6960614730824271E-004
         302   3019.9998951179537       -2.0732753045824682E-004   3.6101801030512601E-004  -5.6834554076337282E-004
         303   3029.9998947706617       -2.0732793084256350E-004   3.5988710651065623E-004  -5.6721503735321973E-004
         304   3039.9998944233703       -2.0732844151864251E-004   3.5888141180154243E-004  -5.6620985332018494E-004
         305   3049.9998940760784       -2.0732906899131230E-004   3.5799477159669234E-004  -5.6532384058800465E-004
         306   3059.9998937287874       -2.0732982075475509E-004   3.5721958785399366E-004  -5.6454940860874874E-004
         307   3069.9998933814954       -2.0733070509069008E-004   3.5654673048974911E-004  -5.6387743558043919E-004
         308   3079.9998930342040       -2.0733173078155701E-004   3.5596544149615010E-004  -5.6329717227770711E-004
         309   3089.9998926869125       -2.0733290671159043E-004   3.5546323629518067E-004  -5.6279614300677109E-004
         310   3099.9998923396211       -2.0733424132348121E-004   3.5502580852485554E-004  -5.6236004984833675E-004
         311   3109.9998919923296       -2.0733574189331323E-004   3.5463694656415456E-004  -5.6197268845746778E-004
         312   3119.9998916450377       -2.0733741358243629E-004   3.5427847273039414E-004  -5.6161588631283043E-004
         313   3129.9998912977462       -2.0733925822306670E-004   3.5393021927399156E-004  -5.6126947749705826E-004
         314   3139.9998909504548       -2.0734127279662681E-004   3.5357005906178264E-004  -5.6091133185840944E-004
         315   3149.9998906031633       -2.0734344757268293E-004   3.5317401312937936E-004  -5.6051746070206229E-004
         316   3159.9998902558718       -2.0734576389541969E-004   3.5271646194193017E-004  -5.6006222583734986E-004
         317   3169.9998899085799       -2.0734819163829962E-004   3.5217049192509122E-004  -5.5951868356339085E-004
         318   3179.9998895612885       -2.0735068640105950E-004   3.5150841309230249E-004  -5.5885909949336199E-004
         319   3189.9998892139970       -2.0735318660175951E-004   3.5070248659156179E-004  -5.5805567319332130E-004
         320   3199.9998888667060       -2.0735561072419810E-004   3.4972590155843159E-004  -5.5708151228262969E-004
         321   3209.9998885194136       -2.0735785511834958E-004   3.4855403721909098E-004  -5.5591189233744056E-004
         322   3219.9998881721226       -2.0735979291245461E-004   3.4716603676309234E-004  -5.5452582967554695E-004
         323   3229.9998878248311       -2.0736127476286739E-004   3.4554670182948295E-004  -5.5290797659235033E-004
         324   3239.9998874775392       -2.0736213230852546E-004   3.4368868822580076E-004  -5.5105082053432623E-004
         325   3249.9998871302478       -2.0736218525777163E-004   3.4159494290595115E-004  -5.4895712816372278E-004
         326   3259.9998867829559       -2.0736125294275684E-004   3.3928126870513890E-004  -5.4664252164789574E-004
         327   3269.9998864356648       -2.0735917084444932E-004   3.3677883861201092E-004  -5.4413800945646025E-004
         328   3279.9998860883734       -2.0735581193994984E-004   3.3413641070539858E-004  -5.4149222264534842E-004
         329   3289.9998857410815       -2.0735111171585601E-004   3.3142192811539794E-004  -5.3877303983125395E-004
         330   3299.9998853937900       -2.0734509437946681E-004   3.2872314026618777E-004  -5.3606823464565458E-004
         331   3309.9998850464990       -2.0733789637572217E-004   3.2614687102705227E-004  -5.3348476740277444E-004
         332   3319.9998846992071       -2.0732978213908312E-004   3.2381660615037999E-004  -5.3114638828946311E-004
         333   3329.9998843519156       -2.0732114656711728E-004   3.2186819233703649E-004  -5.2918933890415377E-004
         334   3339.9998840046237       -2.0731249950334100E-004   3.2044363826104201E-004  -5.2775613776438301E-004
         335   3349.9998836573322       -2.0730442988031326E-004   3.1968327080801650E-004  -5.2698770068832976E-004
         336   3359.9998833100412       -2.0729755099552796E-004   3.1971679257061699E-004  -5.2701434356614495E-004
         337   3369.9998829627489       -2.0729243298574815E-004   3.2065405428125969E-004  -5.2794648726700783E-004
         338   3379.9998826154579       -2.0728953271189731E-004   3.2257653343632526E-004  -5.2986606614822257E-004
         339   3389.9998822681664       -2.0728913354637116E-004   3.2553054024654551E-004  -5.3281967379291667E-004
         340   3399.9998819208745       -2.0729130688551355E-004   3.2952302348370784E-004  -5.3681433036922139E-004
         341   3409.9998815735835       -2.0729590337556004E-004   3.3452053252875811E-004  -5.4181643590431815E-004
         342   3419.9998812262911       -2.0730257572036800E-004   3.4045146277949081E-004  -5.4775403849985881E-004
         343   3429.9998808790001       -2.0731082826909875E-004   3.4721125601903284E-004  -5.5452208428813160E-004
         344   3439.9998805317086       -2.0732008330928437E-004   3.5466983946557090E-004  -5.6198992277485527E-004
         345   3449.9998801844167       -2.0732975152833313E-004   3.6268034180637405E-004  -5.7001009333470718E-004
         346   3459.9998798371253       -2.0733929484383567E-004   3.7108805737589326E-004  -5.7842735221972892E-004
         347   3469.9998794898343       -2.0734827308383847E-004   3.7973873185674769E-004  -5.8708700494058616E-004
         348   3479.9998791425423       -2.0735637051657490E-004   3.8848546947072601E-004  -5.9584183998730091E-004
         349   3489.9998787952509       -2.0736340259743956E-004   3.9719384932894680E-004  -6.0455725192638636E-004
         350   3499.9998784479590       -2.0736930651540778E-004   4.0574512522145072E-004  -6.1311443173685850E-004
         351   3509.9998781006675       -2.0737412076493822E-004   4.1403762183898663E-004  -6.2141174260392485E-004
         352   3519.9998777533765       -2.0737795915596262E-004   4.2198660618676648E-004  -6.2936456534272911E-004
         353   3529.9998774060841       -2.0738098383767995E-004   4.2952300142315940E-004  -6.3690398526083936E-004
         354   3539.9998770587931       -2.0738338057350609E-004   4.3659133214237617E-004  -6.4397471271588225E-004
         355   3549.9998767115017       -2.0738533810665848E-004   4.4314726355041919E-004  -6.5053260165707767E-004
         356   3559.9998763642097       -2.0738703228360934E-004   4.4915504180366157E-004  -6.5654207408727091E-004
         357   3569.9998760169187       -2.0738861478265070E-004   4.5458507593657335E-004  -6.6197369071922406E-004
         358   3579.9998756696264       -2.0739020583502703E-004   4.5941183545047379E-004  -6.6680204128550082E-004
         359   3589.9998753223354       -2.0739189016610567E-004   4.6361217884406843E-004  -6.7100406901017410E-004
         360   3599.9998749750439       -2.0739371543723685E-004   4.6716417988966735E-004  -6.7455789532690419E-004
         361   3609.9998746277520       -2.0739569264890441E-004   4.7004647990831410E-004  -6.7744217255721851E-004
         362   3619.9998742804605       -2.0739779819838619E-004   4.7223816337367097E-004  -6.7963596157205716E-004
         363   3629.9998739331695       -2.0739997750983050E-004   4.7371912775199230E-004  -6.8111910526182280E-004
         364   3639.9998735858776       -2.0740215032102519E-004   4.7447089351000991E-004  -6.8187304383103510E-004
         365   3649.9998732385861       -2.0740421777467233E-004   4.7447777446773837E-004  -6.8188199224241070E-004
         366   3659.9998728912942       -2.0740607138323140E-004   4.7372830139826862E-004  -6.8113437278150002E-004
         367   3669.9998725440028       -2.0740760368606522E-004   4.7221676429096685E-004  -6.7962436797703208E-004
         368   3679.9998721967117       -2.0740871998884113E-004   4.6994471475048717E-004  -6.7735343473932831E-004
         369   3689.9998718494194       -2.0740935000221903E-004   4.6692225583886858E-004  -6.7433160584108760E-004
         370   3699.9998715021284       -2.0740945757521126E-004   4.6316895043562991E-004  -6.7057840801084117E-004
         371   3709.9998711548369       -2.0740904621715980E-004   4.5871420951512800E-004  -6.6612325573228780E-004
         372   3719.9998708075450       -2.0740815795413059E-004   4.5359708525023122E-004  -6.6100524320436181E-004
         373   3729.9998704602540       -2.0740686352463281E-004   4.4786549186824555E-004  -6.5527235539287836E-004
         374   3739.9998701129616       -2.0740524317758958E-004   4.4157500222198322E-004  -6.4898024539957280E-004
         375   3749.9998697656706       -2.0740335941193456E-004   4.3478750129841072E-004  -6.4219086071034528E-004
         376   3759.9998694183791       -2.0740122563772467E-004   4.2757008928572140E-004  -6.3497131492344606E-004
         377   3769.9998690710872       -2.0739877737397419E-004   4.1999467889304072E-004  -6.2739345626701491E-004
         378   3779.9998687237958       -2.0739585441321653E-004   4.1213868777671003E-004  -6.1953454218992656E-004
         379   3789.9998683765048       -2.0739220251067076E-004   4.0408706299570020E-004  -6.1147926550637096E-004
         380   3799.9998680292128       -2.0738750096306645E-004   3.9593559065489146E-004  -6.0332309161795791E-004
         381   3809.9998676819214       -2.0738141781258290E-004   3.8779507354060223E-004  -5.9517649135318513E-004
         382   3819.9998673346295       -2.0737368792937943E-004   3.7979556996488350E-004  -5.8716925789426293E-004
         383   3829.9998669873380       -2.0736420218165594E-004   3.7208957091405972E-004  -5.7945377309571566E-004
         384   3839.9998666400470       -2.0735309009219018E-004   3.6485284932942226E-004  -5.7220593942161244E-004
         385   3849.9998662927546       -2.0734077572624569E-004   3.5828182537274780E-004  -5.6562260109899350E-004
         386   3859.9998659454636       -2.0732798857459023E-004   3.5258668931159175E-004  -5.5991467788618198E-004
         387   3869.9998655981722       -2.0731571840457396E-004   3.4798017689266042E-004  -5.5529589529723438E-004
         388   3879.9998652508802       -2.0730511447346507E-004   3.4466269547897121E-004  -5.5196780995243628E-004
         389   3889.9998649035892       -2.0729734253521027E-004   3.4280528957024767E-004  -5.5010263210545794E-004
         390   3899.9998645562978       -2.0729342403627614E-004   3.4253252769268316E-004  -5.4982595172895930E-004
         391   3909.9998642090059       -2.0729408721811490E-004   3.4390763607191309E-004  -5.5120172329002799E-004
         392   3919.9998638617144       -2.0729965755880871E-004   3.4692202502125129E-004  -5.5422168258006000E-004
         393   3929.9998635144225       -2.0731000574192613E-004   3.5149078494709022E-004  -5.5880079068901635E-004
         394   3939.9998631671310       -2.0732455825239472E-004   3.5745490047359374E-004  -5.6477945872598846E-004
         395   3949.9998628198400       -2.0734236301756366E-004   3.6459002737064609E-004  -5.7193239038820975E-004
         396   3959.9998624725481       -2.0736219379781839E-004   3.7262087698303312E-004  -5.7998307078085151E-004
         397   3969.9998621252566       -2.0738267385684574E-004   3.8123968184947772E-004  -5.8862235570632346E-004
         398   3979.9998617779652       -2.0740240121651246E-004   3.9012692256578654E-004  -5.9752932378229900E-004
         399   3989.9998614306733       -2.0742006257836154E-004   3.9897245827768228E-004  -6.0639252085604382E-004
         400   3999.9998610833823       -2.0743452857665943E-004   4.0749535644196813E-004  -6.1492988501862756E-004
         401   4009.9998607360899       -2.0744492774532765E-004   4.1546098354360727E-004  -6.2290591128893492E-004
         402   4019.9998603887989       -2.0745069952377254E-004   4.2269423009683464E-004  -6.3014492962060718E-004
         403   4029.9998600415074       -2.0745162753966009E-004   4.2908805774680733E-004  -6.3653968528646742E-004
         404   4039.9998596942155       -2.0744785353833428E-004   4.3460685933020062E-004  -6.4205471286853490E-004
         405   4049.9998593469245       -2.0743987037631531E-004   4.3928442488537424E-004  -6.4672429526168955E-004
         406   4059.9998589996330       -2.0742849058263518E-004   4.4321663295459024E-004  -6.5064512353722541E-004
         407   4069.9998586523411       -2.0741478649549894E-004   4.4654936074940433E-004  -6.5396414724490327E-004
         408   4079.9998583050497       -2.0740000011217269E-004   4.4946253190372037E-004  -6.5686253201589306E-004
         409   4089.9998579577577       -2.0738542597166406E-004   4.5215166293022122E-004  -6.5953708890188528E-004
         410   4099.9998576104663       -2.0737227772931859E-004   4.5480865395484466E-004  -6.6218093168416326E-004
         411   4109.9998572631748       -2.0736155630023248E-004   4.5760379267505640E-004  -6.6496534897528888E-004
         412   4119.9998569158834       -2.0735394153392582E-004   4.6067090371234876E-004  -6.6802484524627458E-004
         413   4129.9998565685919       -2.0734972786736101E-004   4.6409722489544017E-004  -6.7144695276280118E-004
         414   4139.9998562213004       -2.0734881668681425E-004   4.6791895220551870E-004  -6.7526776889233295E-004
         415   4149.9998558740090       -2.0735076608949129E-004   4.7212257645021038E-004  -6.7947334253970167E-004
         416   4159.9998555267175       -2.0735488614109153E-004   4.7665130675915234E-004  -6.8400619290024387E-004
         417   4169.9998551794251       -2.0736035864771501E-004   4.8141521570596807E-004  -6.8877557435368308E-004
         418   4179.9998548321337       -2.0736635752668822E-004   4.8630337682495015E-004  -6.9366973435163837E-004
         419   4189.9998544848431       -2.0737214927664968E-004   4.9119624117659069E-004  -6.9856839045324037E-004
         420   4199.9998541375508       -2.0737716082547058E-004   4.9597677048784103E-004  -7.0335393131331161E-004
         421   4209.9998537902593       -2.0738101114147205E-004   5.0053930310965103E-004  -7.0792031425112307E-004
         422   4219.9998534429678       -2.0738351068561478E-004   5.0479564768818840E-004  -7.1217915837380318E-004
         423   4229.9998530956764       -2.0738463748302570E-004   5.0867836773775717E-004  -7.1606300522078286E-004
         424   4239.9998527483849       -2.0738450006137698E-004   5.1214156852619707E-004  -7.1952606858757405E-004
         425   4249.9998524010925       -2.0738329646530587E-004   5.1515970136865126E-004  -7.2254299783395713E-004
         426   4259.9998520538020       -2.0738127612838987E-004   5.1772497124233537E-004  -7.2510624737072524E-004
         427   4269.9998517065105       -2.0737870860342976E-004   5.1984390419436812E-004  -7.2722261279779788E-004
         428   4279.9998513592182       -2.0737586072127917E-004   5.2153354025328321E-004  -7.2890940097456239E-004
         429   4289.9998510119276       -2.0737298199710813E-004   5.2281760044416430E-004  -7.3019058244127243E-004
         430   4299.9998506646361       -2.0737029706967649E-004   5.2372285892925564E-004  -7.3109315599893213E-004
         431   4309.9998503173438       -2.0736800351591389E-004   5.2427584908111048E-004  -7.3164385259702437E-004
         432   4319.9998499700523       -2.0736627334166685E-004   5.2449995276823464E-004  -7.3186622610990149E-004
         433   4329.9998496227608       -2.0736525662997350E-004   5.2441286665674738E-004  -7.3177812328672088E-004
         434   4339.9998492754694       -2.0736508609127532E-004   5.2402440584156836E-004  -7.3138949193284368E-004
         435   4349.9998489281779       -2.0736588151296391E-004   5.2333459014688001E-004  -7.3070047165984392E-004
         436   4359.9998485808865       -2.0736775329636482E-004   5.2233195847776689E-004  -7.2969971177413171E-004
         437   4369.9998482335950       -2.0737080437462291E-004   5.2099206893292845E-004  -7.2836287330755136E-004
         438   4379.9998478863035       -2.0737512982168854E-004   5.1927616540909077E-004  -7.2665129523077931E-004
         439   4389.9998475390112       -2.0738081340119585E-004   5.1713002475122026E-004  -7.2451083815241611E-004
         440   4399.9998471917206       -2.0738792018814840E-004   5.1448304278716686E-004  -7.2187096297531526E-004
         441   4409.9998468444282       -2.0739648426744916E-004   5.1124767417345637E-004  -7.1864415844090552E-004
         442   4419.9998464971368       -2.0740649044081777E-004   5.0731941125706757E-004  -7.1472590169788534E-004
         443   4429.9998461498453       -2.0741784896980309E-004   5.0257757149900809E-004  -7.0999542046881118E-004
         444   4439.9998458025539       -2.0743036281973106E-004   4.9688725908874579E-004  -7.0431762190847685E-004
         445   4449.9998454552624       -2.0744368789147715E-004   4.9010296666939077E-004  -6.9754665456086792E-004
         446   4459.9998451079709       -2.0745728864123106E-004   4.8207437136436475E-004  -6.8953166000559581E-004
         447   4469.9998447606795       -2.0747039460223719E-004   4.7265492641711048E-004  -6.8012532101934767E-004
         448   4479.9998444133880       -2.0748196779719750E-004   4.6171380974161354E-004  -6.6919577753881104E-004
         449   4489.9998440660966       -2.0749069658726406E-004   4.4915159933553146E-004  -6.5664229592279552E-004
         450   4499.9998437188042       -2.0749503698608453E-004   4.3491962589897157E-004  -6.4241466288505610E-004
         451   4509.9998433715136       -2.0749332534979431E-004   4.1904223390548472E-004  -6.2653555925527903E-004
         452   4519.9998430242213       -2.0748398252981381E-004   4.0164013590186489E-004  -6.0912411843167869E-004
         453   4529.9998426769298       -2.0746581404726351E-004   3.8295174466478163E-004  -5.9041755871204514E-004
         454   4539.9998423296383       -2.0743838008751306E-004   3.6334805599166903E-004  -5.7078643607918209E-004
         455   4549.9998419823469       -2.0740236534970207E-004   3.4333578147073887E-004  -5.5073814682044095E-004
         456   4559.9998416350554       -2.0735983477150366E-004   3.2354360761793663E-004  -5.3090344238944029E-004
         457   4569.9998412877640       -2.0731424131476315E-004   3.0468826741247872E-004  -5.1200250872724187E-004
         458   4579.9998409404725       -2.0727008449684270E-004   2.8752076423637897E-004  -4.9479084873322167E-004
         459   4589.9998405931810       -2.0723221621696779E-004   2.7275806072999005E-004  -4.7999027694695784E-004
         460   4599.9998402458887       -2.0720493057279732E-004   2.6101043521688087E-004  -4.6821536578967819E-004
         461   4609.9998398985981       -2.0719109384214907E-004   2.5271759343452278E-004  -4.5990868727667185E-004
         462   4619.9998395513066       -2.0719159576581842E-004   2.4810591937936331E-004  -4.5529751514518174E-004
         463   4629.9998392040143       -2.0720530027445669E-004   2.4717467588229801E-004  -4.5437997615675469E-004
         464   4639.9998388567228       -2.0722948425798361E-004   2.4971195451357333E-004  -4.5694143877155694E-004
         465   4649.9998385094323       -2.0726057449152522E-004   2.5533430072368702E-004  -4.6259487521521224E-004
         466   4659.9998381621399       -2.0729491525385178E-004   2.6353963530937366E-004  -4.7083455056322543E-004
         467   4669.9998378148484       -2.0732934646475187E-004   2.7376245801625924E-004  -4.8109180448101111E-004
         468   4679.9998374675570       -2.0736149624059618E-004   2.8542278144901332E-004  -4.9278427768960950E-004
         469   4689.9998371202655       -2.0738981589922025E-004   2.9796416067078869E-004  -5.0535397657000894E-004
         470   4699.9998367729740       -2.0741345549598391E-004   3.1087984962897402E-004  -5.1829330512495793E-004
         471   4709.9998364256817       -2.0743208437670231E-004   3.2372850771680096E-004  -5.3116059209350327E-004
         472   4719.9998360783911       -2.0744572745778949E-004   3.3614183349562509E-004  -5.4358756095341458E-004
         473   4729.9998357310997       -2.0745464536639160E-004   3.4782642880948393E-004  -5.5528107417587554E-004
         474   4739.9998353838073       -2.0745925606976897E-004   3.5856166604128855E-004  -5.6602092211105752E-004
         475   4749.9998350365158       -2.0746008292798926E-004   3.6819477831704283E-004  -5.7565486124503209E-004
         476   4759.9998346892244       -2.0745771471715994E-004   3.7663401692395539E-004  -5.8409173164111533E-004
         477   4769.9998343419329       -2.0745276953251551E-004   3.8384053470151341E-004  -5.9129330423402893E-004
         478   4779.9998339946414       -2.0744586077059939E-004   3.8981958239813402E-004  -5.9726544316873341E-004
         479   4789.9998336473500       -2.0743756699091682E-004   3.9461156317273908E-004  -6.0204913016365590E-004
         480   4799.9998333000585       -2.0742840826346758E-004   3.9828342734462988E-004  -6.0571183560809746E-004
         481   4809.9998329527671       -2.0741883068059485E-004   4.0092079153220786E-004  -6.0833962221280272E-004
         482   4819.9998326054747       -2.0740919922251086E-004   4.0262104467542301E-004  -6.1003024389793387E-004
         483   4829.9998322581841       -2.0739979789840689E-004   4.0348757833620250E-004  -6.1088737623460939E-004
         484   4839.9998319108918       -2.0739083536082652E-004   4.0362516815600888E-004  -6.1101600351683540E-004
         485   4849.9998315636003       -2.0738245400595841E-004   4.0313644825741584E-004  -6.1051890226337426E-004
         486   4859.9998312163088       -2.0737474076894707E-004   4.0211936397652697E-004  -6.0949410474547404E-004
         487   4869.9998308690174       -2.0736773821579136E-004   4.0066545829936816E-004  -6.0803319651515952E-004
         488   4879.9998305217259       -2.0736145497409614E-004   3.9885883841835881E-004  -6.0622029339245495E-004
         489   4889.9998301744345       -2.0735587494222137E-004   3.9677567469518913E-004  -6.0413154963741050E-004
         490   4899.9998298271430       -2.0735096502813604E-004   3.9448409925478301E-004  -6.0183506428291905E-004
         491   4909.9998294798515       -2.0734668138759773E-004   3.9204439082125554E-004  -5.9939107220885327E-004
         492   4919.9998291325592       -2.0734297426694664E-004   3.8950935292822344E-004  -5.9685232719517008E-004
         493   4929.9998287852686       -2.0733979162731710E-004   3.8692481216770898E-004  -5.9426460379502608E-004
         494   4939.9998284379772       -2.0733708175348623E-004   3.8433018050273846E-004  -5.9166726225622470E-004
         495   4949.9998280906848       -2.0733479504831667E-004   3.8175904035386474E-004  -5.8909383540218141E-004
         496   4959.9998277433933       -2.0733288519532569E-004   3.7923972311648771E-004  -5.8657260831181340E-004
         497   4969.9998273961028       -2.0733130984599337E-004   3.7679586117023422E-004  -5.8412717101622759E-004
         498   4979.9998270488104       -2.0733003096069937E-004   3.7444690062855276E-004  -5.8177693158925213E-004
         499   4989.9998267015189       -2.0732901490581423E-004   3.7220856741411988E-004  -5.7953758231993411E-004
         500   4999.9998263542275       -2.0732823238617997E-004   3.7009328309350724E-004  -5.7742151547968720E-004
